86.0
53.5
22.2
100.8
74.5
54.1
38.8
26.5
16.3
8.7
42.9
83.0
82.9
5.4
13.4
22.7
33.6
44.4
59.3
13.7
35.3
28.3
30.5
6.7
39.8
13.5
24.0
36.6
51.7
8.7
23.3
47.0
13.4
41.7
12.7
29.7
34.3
42.1
53.0
65.3
13.1
32.1
53.8
16.6
42.6
14.8
45.1
27.1
14.1
6.0
45.5
43.2
5.2
12.8
22.0
18.3
17.4
18.6
28.1
3.1
42.9
3.8
10.7
20.0
32.2
11.4
28.4
15.6
30.9
5.9
19.5
33.7
17.0
5.4
27.3
23.0
23.7
4.6
7.7
3.4
3.8
9.2
17.6
11.7
10.5
14.3
22.0
20.4
17.7
20.1
27.0
19.1
16.4
20.0
8.3
46.5
39.4
38.4
41.6
5.3
15.0
27.4
7.1
18.0
49.8
30.7
18.2
15.0
13.8
17.2
21.9
10.8
35.3
9.9
22.8
41.0
47.2
55.4
53.6
36.3
21.0
12.4
9.1
8.5
12.5
17.1
23.8
28.6
37.7
45.6
57.0
3.8
23.3
40.1
4.7
30.4
7.3
37.1
19.4
49.0
38.0
25.9
15.2
45.0
23.3
3.7
18.6
23.2
12.4
3.6
87.7
82.8
81.7
84.6
9.2
18.0
30.1
44.4
60.0
14.5
36.9
61.4
27.8
58.0
33.7
16.1
50.8
37.2
25.2
20.6
10.4
33.8
44.4
41.2
41.1
45.4
49.2
54.2
62.8
4.7
15.1
33.6
53.2
14.6
37.9
3.4
22.4
32.5
28.6
26.1
26.8
35.9
49.7
65.5
23.8
48.2
13.2
42.5
19.3
49.9
33.0
25.1
20.9
14.5
14.8
19.0
20.8
11.7
36.9
17.5
3.3
39.8
27.3
20.4
21.9
21.2
15.5
3.2
27.1
54.1
8.6
28.4
51.1
21.1
49.8
27.7
8.5
39.3
26.4
51.4
27.7
10.3
46.5
41.6
41.8
6.6
16.6
28.5
6.8
23.8
10.1
32.3
27.2
25.9
9.8
47.2
40.2
36.1
36.4
39.8
9.6
19.7
25.9
25.6
54.0
72.9
8.6
19.9
34.8
53.8
6.5
27.2
48.4
14.5
43.3
24.1
8.0
40.2
64.1
11.7
29.8
82.6
168.6
31.9
60.2
97.3
74.0
122.7
167.8
31.1
80.7
138.3
148.2
154.5
70.7
131.0
135.5
28.0
44.4
106.7
26.3
36.7
120.2
25.2
108.0
12.5
94.3
176.1
79.9
162.0
65.0
145.9
47.8
129.3
32.6
114.1
24.8
108.3
27.2
108.8
32.3
111.3
41.6
125.3
61.5
141.9
86.4
34.5
114.3
65.5
21.6
102.5
64.9
31.3
111.5
81.1
56.6
35.6
16.7
3.5
85.2
72.1
64.0
60.0
58.8
59.9
63.8
68.4
4.3
18.2
34.1
49.7
8.0
30.8
56.3
27.4
4.8
36.6
23.5
15.3
10.0
7.8
9.9
15.5
23.1
34.1
12.6
28.0
5.3
40.5
65.4
14.0
32.6
53.8
18.2
44.0
16.3
47.6
29.1
14.4
6.3
45.4
43.5
6.6
14.6
23.8
36.7
17.1
21.5
29.6
38.8
8.4
41.3
24.5
10.5
46.0
38.4
35.1
36.8
5.0
13.2
23.6
35.9
17.2
14.2
24.4
18.5
17.0
20.7
11.2
22.0
34.2
15.9
33.1
23.3
17.4
15.9
20.1
22.4
18.8
19.3
25.0
17.8
14.9
16.8
12.8
8.6
8.8
12.7
21.7
20.5
41.2
34.1
58.8
30.5
6.6
39.5
24.3
13.6
8.7
7.2
10.0
15.6
23.9
35.2
5.3
38.9
23.9
12.5
6.1
33.4
4.4
9.1
13.0
18.1
55.5
35.3
18.6
6.9
45.6
39.3
35.7
37.0
35.9
37.2
43.5
27.7
42.7
46.2
55.8
65.3
8.9
23.1
40.7
59.5
21.3
46.2
18.4
45.4
26.9
11.3
4.1
42.1
40.2
38.2
3.4
43.8
25.4
35.9
49.7
6.2
26.2
51.1
23.1
3.2
34.1
20.5
9.5
10.9
31.6
11.9
41.4
29.9
21.3
16.8
16.7
20.6
55.8
16.6
34.1
53.9
15.3
40.0
11.5
40.9
19.8
3.4
38.4
26.3
20.3
18.9
22.8
27.0
33.7
6.6
45.9
29.5
17.8
9.6
4.6
36.2
42.4
27.6
16.0
53.3
28.2
8.5
40.1
28.0
20.0
12.1
13.9
19.5
28.0
22.9
16.4
31.4
33.6
36.7
18.4
46.7
27.8
13.0
47.7
40.0
37.2
39.4
8.0
17.3
30.3
10.5
26.8
9.5
16.6
8.8
5.8
7.1
12.6
21.0
33.3
4.3
48.0
33.6
21.5
13.2
8.8
9.2
15.5
22.7
34.0
12.5
27.6
12.2
4.2
23.5
12.8
35.3
58.4
27.1
57.1
35.5
18.1
3.9
39.4
30.4
26.9
18.2
41.3
11.5
40.8
19.0
100.4
106.5
161.9
61.5
151.3
72.7
89.2
77.3
32.4
168.6
56.7
9.1
141.9
126.3
53.7
175.6
42.9
76.9
177.6
51.4
42.4
55.5
76.3
24.4
173.7
129.1
159.4
15.8
149.0
69.2
44.5
152.6
65.6
151.0
58.3
143.9
51.2
136.4
44.1
130.5
37.6
121.0
33.9
117.8
38.3
123.6
50.3
133.1
65.8
4.2
87.7
31.5
116.0
65.7
20.7
103.6
62.3
26.1
109.7
81.1
56.5
34.9
15.7
99.5
83.5
71.2
62.3
57.6
55.3
52.7
53.6
57.3
63.8
3.9
17.4
33.7
52.4
14.7
39.7
12.1
42.3
22.0
6.3
42.5
35.4
29.0
29.1
33.8
3.3
13.4
27.3
7.8
25.6
14.4
31.3
44.0
31.4
12.8
45.7
33.4
25.3
21.0
21.0
25.3
32.1
6.5
18.9
32.8
17.6
7.8
30.6
27.5
4.5
12.0
6.2
5.0
8.8
16.4
24.7
23.2
20.5
22.8
4.6
32.5
34.8
33.6
36.7
6.4
15.7
27.2
7.2
23.4
12.0
4.5
30.3
6.1
10.7
23.8
3.7
20.7
7.9
23.7
7.7
27.4
33.1
42.2
54.4
68.0
15.0
33.6
55.4
18.2
43.2
12.7
41.2
20.9
3.2
37.6
29.5
23.4
19.9
22.4
29.0
5.2
7.1
35.0
4.2
26.4
47.9
18.6
45.1
26.3
11.3
46.9
27.7
4.7
27.5
52.1
19.8
49.0
26.8
10.0
45.3
35.3
28.9
27.1
30.2
36.4
6.5
45.0
23.7
8.2
44.6
37.3
33.0
33.6
37.7
7.9
18.7
31.8
13.0
31.2
42.0
34.4
29.0
29.0
34.0
4.7
16.1
31.3
13.5
32.7
22.3
16.2
20.7
22.8
26.9
34.2
8.0
21.4
36.1
20.0
9.8
3.3
29.6
11.4
16.7
24.5
35.0
13.2
29.1
15.0
6.1
29.9
28.4
6.6
27.9
9.2
21.5
12.6
46.9
35.5
28.3
25.3
27.2
32.7
12.3
13.9
26.3
7.8
25.2
15.4
10.8
12.1
37.9
36.4
62.3
77.0
76.2
6.1
14.6
23.5
36.4
53.1
6.6
28.4
51.3
21.0
47.2
26.4
7.7
40.8
31.3
21.3
16.4
17.3
22.4
28.1
21.8
11.0
42.9
27.1
7.5
20.9
37.5
56.2
16.2
39.9
8.5
34.9
14.1
44.0
29.9
20.0
13.0
7.9
38.7
22.4
10.9
43.5
36.3
33.4
6.2
29.3
53.7
30.2
12.1
45.1
31.7
20.9
6.5
26.1
32.2
42.5
54.2
68.9
19.4
37.4
56.5
20.2
47.1
20.0
49.2
29.8
16.3
7.7
44.8
40.2
22.0
8.8
44.5
164.3
121.3
14.4
95.5
158.0
9.2
37.5
180.9
22.3
134.1
97.4
32.1
131.9
58.4
113.9
153.2
34.1
151.6
27.6
53.2
158.9
70.5
156.5
63.8
149.3
56.4
141.4
47.8
132.5
39.2
124.0
31.1
117.1
24.9
110.5
17.2
98.9
10.0
95.1
16.2
101.7
29.1
111.7
43.3
125.6
63.4
7.3
90.4
38.7
120.6
73.2
31.0
114.2
77.1
46.0
20.6
106.6
82.0
60.9
42.4
27.2
18.0
11.3
9.5
8.3
11.0
15.0
20.5
29.3
39.9
50.4
62.1
9.9
30.3
51.3
16.5
39.8
12.5
44.9
27.9
15.5
7.2
20.7
3.5
7.0
5.4
32.3
11.6
44.8
29.7
21.5
17.0
16.9
20.9
27.5
37.5
15.4
23.1
11.7
46.4
24.2
40.7
57.8
13.5
36.8
4.1
32.7
6.9
37.4
15.9
46.6
33.2
55.7
29.0
9.7
44.0
31.4
22.8
18.7
19.6
24.3
16.5
45.1
24.9
8.3
31.4
3.2
33.3
15.3
49.7
37.5
29.7
26.7
27.5
31.4
23.7
19.2
18.1
12.8
39.6
33.0
28.9
27.8
31.0
38.2
21.8
41.1
61.9
23.0
48.1
20.0
49.4
31.5
16.8
6.0
45.4
39.1
39.5
4.6
12.7
24.4
35.7
14.5
16.2
9.0
34.5
49.7
5.7
28.7
52.1
21.1
50.9
27.1
10.2
44.7
34.3
26.8
26.1
29.3
36.0
8.6
21.1
36.2
19.5
30.7
21.9
17.6
17.2
21.9
29.3
38.4
14.6
30.1
14.7
26.2
19.3
5.9
36.8
21.2
10.9
5.5
4.5
8.5
13.6
22.7
17.0
15.4
17.5
23.8
33.2
8.4
23.3
6.4
3.2
40.4
34.7
32.5
35.2
3.7
13.3
26.0
5.9
23.6
12.1
5.9
6.3
11.0
23.6
34.2
12.3
27.3
35.4
21.9
14.4
9.8
9.2
12.8
19.3
28.3
30.9
11.5
45.5
33.0
25.2
20.7
20.6
24.1
32.8
27.2
14.8
48.4
31.3
19.6
13.2
8.9
12.2
17.3
17.6
45.8
23.7
6.2
38.5
25.1
19.1
15.1
7.2
39.4
27.1
21.9
20.8
23.3
30.8
3.9
16.7
16.6
19.2
25.8
35.4
31.7
32.5
35.7
16.2
31.1
48.0
8.1
31.8
57.6
29.4
7.8
42.7
26.5
15.3
10.2
7.9
9.0
14.7
24.0
36.5
15.8
32.8
12.2
20.7
23.2
21.6
23.2
22.2
16.3
14.2
15.9
19.7
27.6
37.6
16.7
32.0
16.8
37.5
37.7
13.8
47.1
30.4
56.3
69.5
67.1
69.0
73.2
3.8
14.2
28.9
46.0
64.1
21.4
46.2
14.3
43.7
19.9
3.4
36.8
25.3
15.8
12.5
14.4
10.2
23.5
41.6
20.7
4.4
40.5
33.2
29.9
31.6
32.8
39.8
39.5
3.7
7.9
16.2
25.1
37.0
50.3
66.5
21.9
42.5
4.8
27.5
51.4
25.9
6.7
38.0
25.3
51.7
63.7
15.8
35.7
56.6
21.3
47.8
6.1
25.3
46.2
7.5
32.7
44.6
58.2
77.7
7.7
20.2
29.5
39.4
53.5
9.1
30.4
51.3
17.9
45.6
25.4
8.7
41.0
28.5
17.8
15.0
14.9
10.6
33.3
5.8
37.2
22.6
9.5
7.1
42.1
41.8
13.3
28.1
25.7
106.1
84.3
68.4
55.6
45.3
51.8
69.2
26.0
127.8
17.2
110.9
103.3
61.1
25.9
37.9
149.5
46.0
82.4
16.6
115.4
25.9
89.6
45.6
112.0
171.5
120.1
54.6
153.2
82.2
11.3
89.3
90.3
171.7
125.4
17.4
23.7
130.7
66.0
151.4
58.6
143.9
50.7
135.6
41.7
125.4
31.2
116.1
22.0
103.7
14.7
97.8
16.8
100.1
25.3
105.9
36.2
118.3
55.5
138.3
81.6
29.2
109.5
60.6
16.9
99.2
60.6
26.8
111.3
83.5
59.5
38.5
19.7
5.1
86.8
75.1
69.0
67.0
65.4
66.6
72.6
8.1
20.7
35.1
51.6
5.0
26.0
47.6
16.2
41.4
16.6
48.2
31.3
20.8
14.2
42.9
23.3
6.2
42.7
32.8
26.5
28.2
30.3
9.9
38.3
19.2
49.6
33.7
22.2
14.0
10.7
12.0
46.1
35.0
30.4
27.9
9.4
43.0
12.0
39.4
54.6
56.3
44.7
36.1
27.9
25.9
30.6
34.3
37.8
43.4
52.3
64.0
15.4
31.5
51.6
16.5
40.5
10.8
39.0
22.1
10.1
45.9
35.2
32.7
33.0
7.2
27.0
52.8
28.8
7.6
38.3
22.1
10.2
7.1
37.9
21.9
45.6
13.3
41.5
18.5
49.6
35.5
24.1
18.5
17.5
18.6
14.4
42.1
58.2
14.0
33.9
54.0
6.1
4.5
86.2
67.8
53.3
42.8
37.6
37.0
36.7
39.8
45.4
53.0
65.3
5.4
15.9
29.8
46.3
3.7
24.8
48.3
18.6
48.5
27.5
59.4
21.5
45.5
59.3
60.1
61.5
63.5
69.9
8.1
22.2
35.2
54.2
14.9
39.7
11.5
39.4
18.1
50.0
35.0
22.1
13.8
50.3
21.4
44.3
13.8
40.8
21.0
12.8
35.6
23.8
16.8
13.6
13.9
17.9
24.2
26.4
54.6
11.1
32.1
54.4
23.3
50.9
29.4
14.6
46.6
35.6
27.5
4.6
33.9
7.5
17.8
32.5
51.4
10.8
34.9
3.7
32.6
10.9
44.7
30.2
19.1
13.2
11.3
15.1
21.2
31.1
8.4
50.9
34.2
22.7
16.3
12.0
11.0
14.3
21.0
29.4
6.8
21.6
31.2
18.6
10.9
5.6
5.1
9.9
17.5
26.7
23.5
24.7
29.6
39.1
14.2
54.4
23.2
31.2
42.6
55.8
67.1
17.6
37.4
60.6
28.4
27.9
34.2
16.6
3.3
42.3
36.0
33.6
36.2
37.7
37.6
67.4
20.7
43.2
5.7
30.9
45.4
32.7
13.7
48.7
36.2
28.6
24.0
23.7
28.4
27.9
55.8
7.6
27.7
49.8
14.5
41.0
14.2
43.3
21.8
4.8
39.9
30.3
23.3
22.7
10.2
45.2
38.3
31.0
29.7
23.9
51.9
70.2
74.7
6.9
17.2
29.8
46.1
64.0
21.2
45.3
13.2
42.6
20.1
42.5
36.8
26.7
21.0
18.8
21.2
27.0
35.7
10.8
51.3
20.9
44.9
11.9
40.9
16.6
48.6
33.4
23.4
17.4
14.7
17.3
24.4
33.6
9.0
22.0
36.1
20.8
10.1
3.4
29.5
31.8
8.2
21.5
149.1
152.9
126.5
119.3
111.6
140.2
107.5
8.5
22.4
79.4
88.1
13.8
101.3
10.6
97.2
5.3
91.6
177.8
86.1
172.5
81.3
168.4
75.2
159.9
75.8
162.9
85.0
14.0
97.0
29.0
111.8
49.2
132.8
77.5
27.2
110.0
64.3
23.5
106.7
70.6
38.6
10.3
91.8
65.9
43.3
23.9
7.9
89.5
78.6
73.5
68.3
67.6
68.2
72.2
75.6
12.7
17.8
32.3
49.0
8.4
28.3
53.7
23.1
50.6
29.2
12.7
43.5
32.1
26.5
27.0
31.3
37.3
7.1
44.1
6.7
11.2
89.7
78.2
70.4
68.7
67.4
70.1
72.9
9.5
18.7
29.1
42.3
58.2
10.9
32.5
53.8
23.7
53.5
29.3
9.3
40.8
32.1
28.8
18.4
34.4
52.5
18.2
43.1
20.7
13.6
34.9
22.2
12.9
9.7
5.6
36.5
29.1
25.9
3.2
19.3
39.9
3.4
17.2
31.2
47.8
8.2
29.5
53.6
27.6
6.1
28.0
37.8
47.5
61.2
11.2
34.9
52.5
13.9
36.8
7.3
36.5
14.5
42.7
26.9
51.2
26.0
44.9
4.0
28.3
54.2
30.6
10.5
42.6
31.4
22.9
19.1
20.4
25.0
31.5
5.6
17.4
22.3
6.1
29.9
54.9
27.6
6.8
40.4
27.6
18.4
12.1
9.4
11.6
16.1
23.9
34.9
20.1
50.0
31.3
18.8
10.6
6.7
42.1
35.0
57.0
25.2
51.6
27.3
46.2
53.9
62.7
7.0
23.4
42.5
4.9
28.9
54.7
31.3
13.7
48.1
35.8
29.6
28.2
31.5
36.0
13.1
36.0
15.9
50.8
39.2
30.7
26.5
24.6
27.6
20.3
13.2
10.0
41.1
5.9
31.4
4.9
37.4
19.6
5.4
39.4
31.2
27.2
27.2
32.5
3.6
41.9
7.7
28.0
35.4
45.2
57.0
6.2
26.1
48.8
10.8
24.4
41.0
59.5
16.2
38.5
60.3
29.4
3.6
36.3
18.7
4.6
43.0
36.9
35.4
36.1
4.6
14.6
15.2
42.9
62.2
69.2
61.9
58.5
57.6
78.9
3.3
21.3
159.4
16.6
13.7
21.5
108.1
16.6
103.5
12.1
97.5
4.5
90.5
176.4
84.5
170.8
78.0
163.3
81.2
6.2
92.6
21.9
107.9
42.6
127.3
66.5
11.6
98.4
50.5
7.4
91.0
50.8
15.7
100.4
71.2
46.7
25.5
3.8
85.1
65.8
49.9
38.4
31.9
29.4
29.1
32.0
35.6
42.0
51.9
63.0
9.2
27.5
48.7
11.0
36.5
9.1
38.0
17.8
50.3
39.0
30.5
25.5
25.6
27.5
33.5
6.8
45.0
42.7
23.7
12.0
3.8
42.4
40.7
33.7
57.6
25.4
51.1
32.0
15.8
4.3
39.2
20.4
51.6
32.2
19.5
10.3
6.2
5.2
8.5
42.4
34.6
64.7
19.5
42.2
8.9
34.6
9.1
38.6
20.0
7.5
45.4
38.2
34.8
27.1
50.8
61.8
7.0
23.4
41.6
61.0
25.5
51.4
24.0
4.1
36.8
22.2
12.2
7.3
7.0
7.8
43.3
34.1
30.0
31.3
35.2
5.4
43.6
42.3
5.9
11.8
11.1
51.5
15.4
33.5
56.3
26.6
52.1
26.7
9.0
43.5
33.7
26.5
24.9
27.4
32.0
20.3
6.0
4.7
7.0
42.7
68.9
17.8
36.6
58.2
21.5
45.8
19.6
50.4
32.1
17.1
52.5
24.5
3.3
32.8
17.5
7.7
42.6
38.7
39.1
42.5
24.0
52.2
32.1
13.1
47.2
39.0
32.9
32.2
34.1
39.3
20.7
50.1
29.6
12.8
47.7
40.1
33.8
31.7
33.5
40.0
32.1
9.0
40.7
25.6
14.9
8.3
47.5
26.9
47.5
57.5
70.0
20.4
38.4
59.2
22.8
47.8
21.3
51.5
33.5
21.1
11.1
5.7
5.5
6.6
13.0
22.7
34.7
13.9
30.6
3.3
11.1
21.5
33.4
12.9
30.4
11.5
48.4
11.6
31.4
52.0
16.1
41.6
14.6
45.8
28.6
14.8
5.8
44.5
37.7
36.4
41.9
23.2
51.9
33.3
17.3
5.8
43.4
36.9
27.3
10.4
44.6
33.4
27.7
27.0
30.1
36.1
7.6
10.9
40.8
61.3
23.5
48.6
18.2
49.9
32.2
17.1
7.6
41.6
35.5
34.7
38.2
5.8
16.2
29.3
19.7
41.7
6.3
35.5
9.1
40.4
23.5
11.1
3.9
42.1
41.3
4.0
10.8
19.8
32.0
11.8
14.4
20.2
28.1
22.2
20.9
24.0
28.3
36.4
32.4
32.6
5.2
19.0
32.3
46.8
86.0
41.2
48.6
99.7
96.1
102.5
87.6
26.0
10.3
41.6
64.7
92.8
105.2
101.9
176.3
6.2
130.5
37.8
124.1
126.2
21.2
136.2
52.5
134.1
37.5
119.1
22.4
104.1
7.3
87.9
168.6
72.6
155.2
60.5
144.7
59.3
146.1
68.7
155.3
82.8
16.5
101.5
39.8
123.7
67.6
16.7
100.7
53.9
10.6
90.9
51.4
16.3
97.9
69.1
41.4
14.9
97.2
81.1
68.9
60.2
55.8
53.6
54.8
58.1
63.4
70.1
11.6
27.0
43.5
63.1
24.4
49.3
20.6
49.3
29.6
14.3
34.5
42.6
37.4
37.5
24.7
9.2
18.8
30.8
10.8
27.3
13.8
5.9
3.7
14.7
49.4
37.1
27.8
22.7
24.1
28.9
37.4
14.8
27.8
10.6
15.8
22.8
33.7
11.8
27.0
12.5
3.9
14.1
26.2
5.7
49.7
39.2
34.0
31.3
31.3
33.9
38.8
9.0
20.2
32.4
16.5
3.5
27.5
24.9
25.8
32.7
4.5
44.9
4.7
10.7
19.1
31.4
10.5
26.8
11.5
4.0
28.7
26.1
24.9
25.7
23.7
26.3
30.2
38.1
11.0
16.0
48.3
21.7
44.6
15.6
44.3
23.0
7.8
44.5
35.2
29.5
28.1
31.7
32.2
5.2
33.7
17.6
4.8
40.5
19.8
46.9
23.8
7.1
43.2
34.9
32.5
32.1
31.4
36.8
43.8
25.5
41.5
59.0
23.0
43.5
11.3
38.2
16.0
47.0
35.0
27.8
25.2
27.1
30.3
7.2
25.1
28.2
34.5
43.1
51.3
59.4
6.6
23.4
41.9
59.8
23.9
48.8
23.4
7.1
42.1
32.2
26.5
22.8
25.1
29.9
36.3
36.7
63.1
15.5
37.5
58.9
28.0
3.3
37.1
22.1
10.9
4.9
45.3
4.2
10.1
18.1
28.5
6.3
21.5
7.4
28.4
21.0
17.7
38.9
32.6
20.7
14.2
11.8
14.0
19.3
27.4
38.1
15.8
31.3
16.6
8.4
20.7
34.1
33.8
37.3
8.5
17.2
50.3
13.4
32.3
49.5
16.9
44.0
22.1
4.6
38.5
29.4
22.8
20.9
23.0
28.5
35.4
9.4
22.0
3.3
20.9
11.3
5.4
5.4
9.2
17.0
25.6
19.7
19.4
23.6
7.6
32.3
38.5
41.1
10.2
19.0
30.5
9.7
26.2
13.9
35.4
37.3
17.3
49.8
33.4
24.4
18.4
16.2
18.3
23.7
31.6
7.9
20.2
35.0
20.3
11.4
6.0
4.8
14.2
19.7
27.5
37.4
14.8
29.3
14.0
5.1
28.2
25.3
27.6
4.5
28.5
27.6
33.2
17.7
28.7
7.1
22.7
9.6
30.8
24.7
23.9
29.2
20.8
17.1
18.1
19.1
11.9
8.9
11.1
18.0
16.6
7.9
23.5
9.9
31.1
25.3
24.2
3.3
25.0
20.5
21.5
16.4
10.1
23.9
6.2
25.2
16.1
10.7
10.6
15.9
8.5
48.5
28.6
12.2
47.2
38.1
31.2
29.4
31.0
36.0
7.2
19.0
31.2
12.5
29.8
20.3
13.6
12.4
16.5
24.1
18.0
31.6
14.6
18.6
24.8
20.2
21.0
26.9
5.4
28.9
27.7
6.7
9.5
5.2
5.5
11.3
14.4
10.0
10.4
16.0
8.6
5.7
7.8
14.8
23.0
7.0
15.2
9.2
7.7
11.9
19.6
22.4
18.0
18.4
22.5
20.6
17.4
19.7
26.7
24.8
44.4
177.4
5.0
25.1
52.9
21.2
151.7
102.0
54.5
138.2
84.1
169.3
84.6
93.3
95.2
69.5
25.7
20.3
18.3
82.4
150.0
40.0
102.0
9.4
124.7
136.2
134.4
145.8
174.2
22.4
66.3
81.3
165.6
71.9
156.2
62.0
145.9
51.7
135.6
41.4
125.2
30.1
111.6
22.9
106.7
26.4
109.9
35.4
116.9
47.8
129.5
66.0
8.3
89.8
37.3
119.1
71.9
29.2
110.4
72.7
41.1
16.4
102.5
78.4
57.4
39.8
26.1
15.9
8.3
5.6
4.2
6.8
11.3
19.5
31.3
44.2
58.3
9.8
31.2
54.6
21.0
48.8
23.5
5.3
39.0
27.3
17.8
13.2
13.8
17.1
22.9
32.2
34.2
65.1
24.8
47.7
18.7
47.1
25.0
8.4
44.3
35.7
28.7
26.8
27.6
32.4
4.0
41.3
21.3
5.0
38.9
28.7
21.5
18.4
9.3
41.0
29.4
18.1
8.5
47.0
30.0
20.8
14.0
14.5
18.3
15.5
41.3
52.7
3.6
22.5
43.8
10.0
36.3
10.4
42.5
24.9
10.3
45.0
37.0
33.3
34.0
37.4
10.6
46.9
25.2
6.5
29.0
52.6
25.2
4.3
32.0
11.8
44.1
32.5
62.3
77.2
83.4
73.4
66.9
60.7
58.0
56.3
56.8
63.0
72.3
11.2
24.1
40.8
60.1
21.4
45.5
15.3
41.4
19.7
49.0
31.9
23.6
52.9
6.7
31.1
54.5
21.8
48.9
26.3
10.1
45.8
37.2
31.7
28.5
31.3
38.9
31.1
8.3
41.2
21.1
51.1
26.0
20.3
36.5
56.0
11.8
30.6
39.1
34.8
33.0
30.6
31.4
34.6
40.8
49.5
62.8
13.4
33.5
52.6
19.5
44.9
20.3
50.3
32.5
20.9
8.0
36.2
55.5
63.6
53.8
24.2
105.4
55.2
10.4
95.1
58.0
25.3
109.6
77.4
48.4
23.0
102.4
88.0
75.3
65.0
57.8
53.8
53.0
55.1
59.6
66.5
3.6
16.7
32.3
49.4
6.6
28.7
52.1
22.5
52.0
33.7
18.7
9.4
30.0
40.1
40.2
25.6
15.3
7.3
5.9
10.2
17.7
28.4
6.4
22.4
38.9
33.4
22.7
16.5
47.5
29.5
18.1
12.1
9.5
10.4
16.4
24.0
34.8
12.0
28.3
13.0
17.0
7.5
4.7
4.0
9.0
17.4
28.4
7.5
21.4
31.4
36.5
9.3
14.6
14.1
46.7
12.5
40.4
15.6
46.8
29.9
17.2
11.5
8.6
10.7
44.2
70.0
9.0
27.1
46.3
4.7
23.0
47.0
16.0
43.4
22.5
8.3
46.7
38.9
36.3
38.6
6.4
16.4
29.2
35.1
37.4
5.4
15.5
28.0
26.3
28.2
4.1
30.7
5.6
36.3
18.8
5.8
44.0
37.6
37.1
39.8
8.0
18.4
32.0
39.8
24.3
12.7
4.8
43.0
40.6
3.6
10.6
8.8
39.6
21.8
9.9
3.3
43.0
41.5
6.4
14.8
22.6
32.9
9.4
24.4
9.6
29.9
22.7
19.9
22.1
4.2
12.1
19.9
3.5
11.6
45.0
72.7
137.4
181.0
14.9
68.5
128.9
177.5
12.2
46.1
94.8
140.3
17.6
76.0
118.5
5.1
48.1
131.2
3.3
63.1
128.0
13.9
67.6
156.7
82.1
141.8
13.6
73.5
128.3
160.7
32.6
78.2
149.4
12.1
67.2
134.7
6.8
56.4
114.8
82.0
62.6
143.7
37.2
86.8
154.6
24.7
81.9
133.6
11.8
60.2
106.5
105.4
33.3
115.6
19.6
101.2
4.8
86.9
168.9
75.1
159.5
64.2
146.4
59.5
144.2
64.0
147.5
74.1
6.9
90.4
28.9
112.7
57.4
8.1
92.4
47.5
6.6
90.1
54.3
22.7
106.3
81.3
59.4
40.4
24.3
12.4
3.3
87.7
83.5
79.9
79.8
80.8
9.3
19.1
31.8
45.8
62.3
18.7
40.9
4.9
33.1
7.5
37.7
22.4
9.5
35.4
61.6
75.3
78.1
64.6
32.5
5.8
91.2
68.5
49.6
34.8
23.3
13.4
7.6
5.7
4.9
7.8
12.1
18.8
29.0
41.3
55.3
5.9
26.6
49.8
15.7
43.0
17.6
49.9
33.4
22.0
14.0
10.3
11.4
15.9
22.8
33.4
9.9
24.5
42.2
38.6
30.7
25.1
25.8
25.0
6.2
34.5
7.1
25.5
46.9
14.0
41.4
17.6
50.7
34.7
23.2
4.0
9.4
14.8
20.2
25.6
31.0
36.4
41.8
10.4
7.3
10.0
16.3
25.9
16.9
19.4
35.4
8.4
16.7
28.0
40.4
30.1
14.3
48.5
39.8
34.8
31.7
33.8
40.1
12.5
24.0
4.3
21.6
9.3
32.0
23.4
40.2
33.8
57.6
30.0
6.8
41.3
25.5
12.7
49.3
24.4
7.2
43.2
30.8
22.6
18.4
19.2
21.5
29.1
7.8
17.6
32.6
9.1
44.2
15.9
45.8
27.9
12.9
3.5
41.9
38.9
38.2
4.8
13.7
25.1
4.1
20.7
7.0
7.8
46.3
43.8
4.0
10.0
11.1
7.3
8.4
13.0
20.6
30.8
8.8
23.8
8.3
14.5
22.9
18.5
18.5
23.9
24.8
20.4
21.0
24.5
32.1
41.3
37.3
37.0
3.6
47.6
40.2
37.5
39.8
6.7
17.6
31.7
12.4
21.3
9.0
46.2
41.0
40.1
4.8
14.8
24.1
36.9
15.6
24.0
12.4
48.3
41.8
39.1
33.2
11.5
22.0
25.3
24.4
27.3
33.7
10.0
25.8
8.9
4.5
39.7
33.6
31.2
32.0
35.5
6.8
17.1
16.2
20.3
26.8
37.0
14.3
27.7
42.5
36.4
59.7
29.9
6.7
41.1
25.5
14.7
10.4
9.6
12.2
9.6
5.3
4.8
9.3
17.5
28.1
5.1
19.6
10.8
46.4
32.4
23.4
16.2
16.8
20.6
28.8
3.5
17.8
25.9
9.5
44.1
34.7
30.8
27.8
30.8
38.0
13.7
28.8
4.8
39.0
64.4
77.1
75.2
75.6
42.1
11.2
22.9
37.4
54.2
9.3
32.2
56.6
23.7
52.4
29.5
13.0
47.4
36.8
29.6
26.4
28.8
33.4
39.8
12.9
25.7
6.8
24.0
13.1
6.1
4.6
27.0
13.7
5.9
30.2
29.2
8.6
37.6
14.0
28.3
11.7
31.8
23.2
19.0
19.4
20.3
7.3
18.9
32.3
15.3
4.1
26.3
22.2
16.9
27.1
33.4
6.8
20.8
4.3
24.4
15.7
32.8
20.0
53.0
38.0
27.8
20.9
17.1
19.1
24.1
32.7
7.0
20.7
34.2
17.7
32.0
26.4
24.8
26.0
31.9
27.5
5.8
38.7
21.9
9.2
46.8
40.4
36.9
37.3
5.1
14.5
25.9
24.0
26.8
34.1
6.3
44.9
13.2
36.4
59.1
28.7
3.8
36.4
20.4
7.6
45.0
34.0
32.2
33.5
38.7
12.1
26.5
7.6
15.9
20.9
31.3
6.2
19.1
34.6
21.3
6.6
46.1
3.5
8.1
16.6
26.5
4.7
20.0
27.4
32.7
40.4
26.6
9.3
44.0
33.8
26.6
22.7
23.1
27.7
37.5
13.6
28.4
10.0
27.0
19.7
12.2
6.3
8.0
10.3
15.6
24.8
37.1
15.5
30.8
16.3
30.4
16.6
49.1
35.6
27.0
21.3
18.3
20.4
26.0
8.5
37.8
18.6
51.8
36.5
27.5
20.9
20.0
23.6
30.5
37.5
12.3
10.9
14.6
23.4
34.3
12.6
28.4
39.7
7.7
17.3
28.3
3.5
17.6
24.9
9.1
36.6
51.0
5.3
27.8
48.5
14.7
41.8
17.9
49.6
33.8
21.8
9.6
7.7
9.6
16.0
55.3
29.1
9.9
42.4
28.8
18.7
12.9
12.0
15.4
22.3
33.6
12.6
31.0
35.9
7.7
20.4
34.6
15.5
32.3
20.4
20.2
16.7
15.4
19.5
26.7
11.1
30.3
52.8
16.8
41.1
13.7
46.0
30.7
19.3
7.7
47.0
43.5
5.1
11.1
20.6
33.3
11.9
28.2
40.6
11.5
20.6
33.0
6.6
40.9
28.8
20.8
16.5
16.1
19.4
27.2
34.5
13.4
21.2
51.3
16.5
41.6
17.4
50.1
33.8
24.4
19.3
16.4
19.1
24.7
34.2
37.6
35.8
39.1
7.3
17.2
21.7
22.5
27.3
27.4
56.0
34.6
20.8
10.7
46.5
40.9
39.6
41.8
11.6
21.6
32.9
18.3
51.9
37.6
29.9
25.6
25.7
29.4
19.8
14.4
13.9
18.0
23.6
32.3
9.1
22.9
33.6
20.2
11.2
7.7
9.1
14.6
23.5
33.2
10.0
26.2
10.2
29.1
21.2
33.1
11.9
27.5
6.7
13.0
22.0
32.9
12.1
27.5
13.9
35.4
40.1
41.9
6.8
14.9
26.2
5.0
20.6
7.4
29.1
22.2
14.3
16.6
22.8
32.5
9.4
23.8
7.8
19.3
58.1
29.9
6.7
40.7
28.7
20.4
14.5
11.5
16.2
24.0
35.2
11.7
26.1
8.8
27.3
19.7
22.7
53.8
75.9
12.4
27.9
45.9
65.4
22.1
47.1
12.9
41.1
16.4
47.8
32.6
20.5
14.3
12.8
14.8
20.3
21.6
19.0
20.9
26.8
34.7
9.6
23.5
3.6
21.9
27.7
36.2
20.0
48.9
30.9
17.5
9.3
3.6
44.5
7.3
13.6
23.4
34.8
40.4
41.6
16.8
32.2
49.1
67.8
25.4
48.5
15.3
44.6
20.0
40.3
37.9
27.3
20.4
16.5
18.3
24.9
32.5
7.4
20.1
33.9
17.0
5.8
28.8
26.8
36.7
10.6
35.8
10.0
43.6
26.0
11.0
36.3
10.3
41.1
23.2
9.8
48.5
40.8
38.0
40.4
8.0
18.0
29.9
8.2
25.0
11.0
12.6
6.4
44.6
5.5
11.6
19.6
33.0
12.8
28.3
15.8
37.7
38.5
17.3
51.2
26.3
54.3
27.1
6.7
39.9
27.8
21.6
15.6
16.2
21.0
29.8
39.2
13.4
20.6
4.3
16.7
24.3
34.9
10.9
25.6
9.0
22.0
30.2
32.4
32.6
37.2
5.5
14.5
