112.4
56.9
136.1
73.4
16.4
95.7
46.2
125.8
81.3
41.5
6.1
84.4
53.0
26.2
87.8
80.0
59.0
42.6
29.2
17.6
10.6
61.4
82.0
3.3
4.1
5.3
12.3
18.9
31.1
45.8
62.7
14.7
32.9
54.4
23.1
48.0
27.3
8.6
35.0
21.7
45.2
23.0
39.0
46.1
36.6
6.9
84.8
32.6
102.1
33.2
110.5
50.9
127.9
71.5
19.9
98.7
50.2
126.2
56.5
133.3
53.8
124.1
51.4
127.2
61.1
135.0
77.0
25.3
105.7
62.1
23.9
107.3
74.9
45.0
18.5
102.8
77.1
57.7
42.6
30.9
24.0
19.5
16.0
17.2
19.3
23.1
30.0
39.6
51.6
65.3
17.8
37.5
58.4
26.5
54.8
31.5
10.9
39.6
24.8
56.2
12.5
13.4
84.8
65.7
49.1
32.2
16.1
12.6
92.2
65.0
39.8
16.8
82.5
64.3
51.6
41.4
34.1
32.1
33.7
39.0
48.5
54.2
59.1
4.8
14.8
31.5
48.0
50.3
39.7
35.1
34.7
35.1
39.2
50.5
56.0
43.8
35.3
31.1
27.7
26.6
28.7
31.9
40.5
48.6
60.0
12.8
29.5
48.9
7.7
27.2
46.4
55.5
59.5
46.5
13.0
79.6
53.8
32.8
10.3
90.0
82.2
73.8
71.3
68.2
70.2
69.6
50.6
12.6
91.0
63.9
38.2
14.1
89.8
71.3
53.6
38.1
25.4
14.7
3.6
72.4
68.7
68.1
5.9
13.7
27.1
37.4
44.9
60.0
20.1
39.9
4.8
30.9
7.8
34.5
20.3
10.3
40.1
31.7
16.5
31.8
41.3
53.8
7.7
24.5
43.2
8.5
27.9
52.6
25.6
49.7
21.0
47.3
27.3
14.5
50.6
16.8
22.7
11.2
6.9
73.5
66.7
62.1
58.9
57.2
53.5
57.9
48.7
43.6
42.8
45.7
51.5
59.5
64.2
11.1
26.9
40.5
57.2
17.7
37.3
9.0
31.0
44.3
45.2
30.7
21.0
11.0
4.4
4.7
3.3
5.8
7.2
17.1
21.6
27.7
39.2
55.0
18.5
20.1
26.0
35.5
47.5
48.7
54.5
45.8
40.1
36.4
30.9
26.3
23.3
27.6
29.5
18.2
94.4
74.2
55.5
40.1
30.8
25.0
21.7
32.5
29.9
157.9
161.0
174.7
114.4
26.7
98.1
169.5
63.6
136.1
29.5
101.3
173.1
69.8
148.5
47.3
123.0
20.2
94.3
168.3
66.7
144.1
43.6
121.9
21.4
98.5
175.6
74.6
151.9
59.3
139.4
54.0
131.7
48.0
118.6
40.8
116.1
47.7
125.6
65.7
10.9
87.9
34.5
107.5
60.0
17.1
88.9
47.2
11.6
87.8
56.1
27.4
102.1
78.1
60.5
46.2
31.4
15.4
60.8
79.1
67.5
58.9
54.0
53.7
51.6
54.9
65.1
16.1
33.1
47.9
10.9
31.8
54.4
29.6
9.2
33.1
14.4
6.9
42.1
35.8
37.3
20.5
34.0
40.6
39.4
24.2
10.6
89.5
77.1
48.5
125.8
78.2
37.2
4.3
85.2
53.3
25.4
104.9
80.7
62.0
44.7
27.9
14.1
4.6
88.2
4.0
6.2
14.2
21.0
28.7
36.7
48.2
61.9
16.9
37.4
59.5
27.4
47.7
8.6
7.8
80.9
64.5
31.3
4.2
82.0
54.5
31.9
17.5
9.7
90.8
83.9
79.6
78.6
80.1
10.0
18.8
31.7
45.9
61.7
17.7
39.5
58.9
28.7
55.5
34.5
13.9
47.2
36.4
