81.3
34.2
115.1
72.3
33.5
113.8
79.0
47.1
19.1
101.4
82.6
61.9
43.4
29.7
21.6
15.5
14.6
12.4
15.1
21.5
29.3
40.8
55.7
64.6
61.1
62.1
65.4
71.0
4.8
12.8
17.9
27.8
46.4
7.3
29.9
38.7
29.3
103.0
75.6
53.9
36.2
21.1
11.9
6.2
81.9
77.8
75.8
76.6
9.3
21.0
31.3
43.0
61.3
22.2
44.6
12.0
40.7
16.4
46.3
34.0
21.8
6.8
3.6
24.2
8.4
13.2
12.4
36.7
54.2
11.9
36.2
4.4
28.8
8.4
38.7
21.8
11.5
36.2
48.7
5.8
22.3
43.5
14.3
43.1
22.3
7.5
42.6
34.8
30.6
31.5
35.8
39.4
8.3
22.7
6.0
21.9
9.2
28.5
32.3
60.4
76.5
83.3
78.2
76.3
76.1
78.3
7.2
16.7
29.2
44.5
57.7
13.1
33.4
57.2
26.1
53.6
32.5
14.9
48.2
35.6
24.7
17.7
19.9
10.1
34.2
48.5
47.9
29.8
111.9
80.2
23.8
104.9
50.9
99.4
88.0
47.8
12.8
97.5
63.5
33.2
8.2
91.1
69.8
52.9
36.6
20.6
12.7
7.0
4.6
4.1
5.9
10.4
18.4
29.1
41.1
56.0
8.5
29.2
50.5
16.3
42.1
19.6
52.1
34.7
22.3
9.8
5.8
7.5
12.0
19.6
29.6
33.1
13.4
45.4
34.8
27.2
20.8
17.1
8.1
44.1
25.0
54.4
34.7
19.6
11.2
45.3
32.9
28.5
26.8
14.2
6.5
43.0
19.9
3.9
33.3
10.4
27.8
29.5
36.3
43.6
49.4
58.3
9.3
28.3
47.0
60.1
22.5
47.0
3.7
6.6
90.4
84.2
55.4
137.1
82.0
32.1
111.7
66.0
26.7
112.3
80.5
51.0
24.4
104.4
80.5
63.8
49.3
35.7
26.3
23.8
21.4
20.8
24.3
32.1
40.9
51.4
62.5
12.7
34.0
55.9
20.9
47.0
19.7
33.9
36.6
24.3
14.5
8.6
5.0
3.6
6.3
16.2
24.4
37.2
50.2
65.7
19.5
40.9
5.7
31.7
4.6
36.2
19.0
5.2
41.2
34.2
30.9
33.6
37.1
43.9
25.8
43.5
47.5
4.9
71.9
78.6
50.4
128.4
82.3
21.9
108.1
56.6
9.9
96.0
55.0
17.9
102.7
72.9
45.3
19.5
101.6
76.3
59.4
44.6
30.1
20.7
14.7
11.9
11.5
13.3
19.5
28.0
37.7
50.4
67.2
20.1
42.0
3.9
28.3
54.4
31.1
14.1
46.8
34.4
24.7
19.4
16.4
49.2
73.4
16.0
32.3
42.7
60.1
20.4
46.9
17.8
47.6
28.0
11.2
48.1
35.9
29.3
18.1
3.7
41.6
30.6
3.5
37.1
19.5
52.1
8.2
7.7
10.4
15.5
22.4
31.3
43.2
59.1
13.1
36.4
58.0
25.5
53.4
31.3
14.7
48.9
37.4
30.2
27.0
59.3
16.4
24.6
35.7
49.0
62.0
15.6
34.9
56.0
24.3
48.8
9.8
12.1
18.9
28.5
36.5
44.4
57.8
14.5
33.6
33.4
30.3
4.9
36.6
21.2
13.7
6.7
42.7
64.4
21.3
43.0
13.7
40.9
21.6
4.1
36.4
27.0
19.5
17.6
19.6
22.1
20.7
46.9
22.8
5.0
27.6
54.6
25.3
5.0
37.6
22.3
12.7
3.9
44.3
5.5
41.3
10.3
37.5
17.8
50.0
23.5
48.0
20.0
51.4
33.8
17.6
5.7
30.5
47.1
49.3
37.7
30.8
24.5
20.3
20.0
21.3
24.3
28.1
34.3
38.6
48.1
61.9
13.1
33.1
53.3
20.6
44.0
22.8
47.8
8.1
32.1
54.3
65.7
71.0
58.8
24.5
104.6
44.7
122.7
56.4
131.2
73.4
22.3
104.3
60.1
21.2
104.5
60.3
133.0
68.7
10.6
89.9
38.0
114.7
65.0
22.0
107.2
76.2
50.1
25.0
106.6
58.0
13.2
91.2
47.3
6.7
91.7
62.5
34.5
6.9
85.6
65.9
49.8
35.5
26.1
23.5
22.1
25.7
25.8
26.2
15.5
7.2
82.0
77.8
74.2
72.1
71.3
74.4
84.0
79.3
53.9
31.1
13.1
91.5
74.5
61.5
52.2
49.6
48.6
50.8
55.7
62.4
22.4
15.9
26.7
40.8
54.5
13.6
39.4
12.2
43.8
16.6
22.9
31.1
40.3
52.4
63.7
16.1
32.2
52.4
57.9
51.7
29.2
110.7
71.8
8.0
88.5
169.0
78.4
154.7
74.1
155.1
82.6
16.1
95.8
34.3
115.2
55.2
129.9
80.9
36.0
116.5
79.1
46.1
15.6
95.6
68.4
45.0
26.5
14.3
93.0
78.0
62.3
50.1
42.2
37.4
35.7
39.2
48.2
57.2
63.2
58.0
38.6
123.4
84.5
19.9
101.7
8.0
94.4
11.3
87.4
163.5
81.2
5.3
87.4
21.0
106.1
47.1
131.0
78.0
29.4
112.4
68.3
29.8
114.6
78.6
46.3
13.7
92.1
43.3
129.9
55.7
137.0
67.5
3.6
79.8
12.2
96.4
13.4
98.6
6.7
86.6
166.6
81.6
3.5
86.1
9.9
87.3
15.6
99.5
40.2
126.4
73.7
25.0
112.7
72.8
37.5
6.1
83.1
45.5
12.0
90.9
65.3
40.6
17.2
93.7
81.9
67.3
55.9
48.0
43.7
40.1
34.6
31.5
33.8
40.5
51.3
61.4
17.1
39.9
46.6
34.3
107.9
80.1
52.8
27.6
3.3
75.2
36.1
116.1
54.8
128.9
43.2
126.6
47.4
122.1
45.1
119.6
50.3
127.0
60.9
134.3
74.0
18.7
91.8
41.0
115.7
69.5
28.2
106.6
70.1
37.3
8.8
83.5
59.5
38.0
16.5
88.6
77.1
64.8
55.6
47.3
39.6
36.9
39.1
42.5
45.9
53.2
61.5
16.3
32.8
51.5
15.2
35.2
46.1
60.3
19.5
41.8
51.5
47.2
28.3
108.4
68.2
32.9
4.0
89.6
63.3
40.3
22.6
10.9
91.3
77.2
71.4
64.8
63.3
62.8
64.3
68.5
7.7
17.4
30.2
44.0
60.8
18.4
38.1
4.7
28.5
55.5
15.1
36.5
48.6
44.0
40.5
36.3
35.7
41.8
50.6
59.9
7.5
23.5
43.8
62.0
22.8
32.6
29.8
29.4
24.8
18.1
85.2
52.6
132.4
79.6
163.8
84.4
10.9
90.4
19.3
99.0
33.7
112.9
53.6
134.1
82.1
35.5
117.3
75.2
38.0
4.9
86.7
60.5
37.5
16.4
97.8
80.6
67.9
58.0
53.1
49.5
47.5
48.6
51.9
57.9
69.5
11.0
25.5
42.5
20.1
24.8
50.6
21.3
49.1
15.4
36.1
58.6
29.9
4.1
34.6
16.1
49.3
39.8
33.4
31.4
32.8
9.4
35.4
11.5
44.2
27.5
14.9
6.9
45.0
36.6
58.4
22.5
49.1
22.2
52.0
34.1
21.1
12.4
7.1
7.9
10.8
10.2
46.6
23.0
4.8
37.5
25.0
16.8
12.5
12.3
16.8
23.7
32.2
17.2
37.7
59.8
24.6
51.5
25.2
5.2
37.4
24.6
15.9
10.5
11.3
14.4
20.1
28.1
39.2
26.6
9.0
42.1
32.7
15.0
31.3
52.5
13.7
36.4
5.6
34.0
13.1
46.0
32.7
23.9
18.3
19.4
22.1
27.5
19.3
9.6
37.2
53.6
10.6
31.8
51.7
21.0
46.2
24.8
12.7
46.8
20.2
49.2
17.4
26.5
34.6
45.5
57.6
10.6
27.5
45.5
10.4
34.2
11.4
40.5
22.5
56.6
23.2
35.6
50.1
6.0
25.7
46.0
13.0
38.3
5.7
8.6
18.1
25.4
35.0
47.1
61.6
17.9
37.2
57.9
24.2
51.9
27.0
52.2
14.0
36.3
5.3
34.6
14.0
43.6
8.1
31.5
8.8
36.2
18.0
17.4
36.4
18.0
47.2
5.0
26.5
50.0
19.3
45.8
23.9
6.6
40.8
29.6
24.0
22.6
15.7
47.9
16.7
42.3
21.5
4.0
38.7
27.8
21.5
10.0
29.0
52.1
19.8
46.8
23.3
23.9
35.7
22.8
13.2
39.5
54.8
71.0
5.2
14.4
28.7
42.2
61.1
18.5
40.7
9.2
37.2
15.4
43.8
28.4
16.2
7.4
32.9
48.6
51.6
53.8
43.2
17.0
100.3
76.6
56.2
41.3
30.4
20.0
12.2
6.9
4.2
4.5
6.9
12.1
22.6
33.8
47.0
60.2
18.0
36.7
3.2
27.1
3.5
31.0
11.8
44.2
30.7
21.2
17.7
16.4
50.0
4.8
16.7
31.2
46.9
63.5
73.8
66.1
62.8
59.6
61.4
63.5
71.6
9.3
19.3
31.9
47.9
3.9
23.3
43.9
12.3
40.1
18.2
46.9
30.6
17.7
10.0
6.0
34.7
53.9
15.2
37.6
59.8
73.8
75.6
12.0
21.0
31.9
44.3
62.4
18.8
41.3
63.0
7.5
20.3
37.0
54.4
16.1
38.8
61.9
74.1
73.8
57.8
45.5
36.3
31.7
30.8
30.7
33.9
38.2
44.8
52.9
63.3
12.5
28.9
46.2
8.5
30.3
54.0
16.5
36.1
57.3
64.0
4.2
15.1
29.8
46.2
4.7
25.5
48.0
20.5
49.0
28.0
12.3
44.9
34.2
27.9
55.6
6.2
14.5
25.2
38.5
53.3
9.4
28.3
35.5
28.4
27.9
27.9
31.9
37.4
45.2
53.0
62.8
10.1
26.1
43.6
5.7
28.1
52.0
29.8
9.9
40.2
25.9
51.6
64.7
21.3
39.4
59.2
23.6
49.4
31.1
14.9
4.0
41.2
35.3
34.1
37.3
7.0
9.1
6.8
10.0
15.6
23.2
24.9
23.4
26.3
31.6
3.7
42.2
41.2
4.3
10.3
48.1
12.4
15.3
24.3
34.5
46.8
59.5
9.2
28.5
49.6
12.9
38.4
11.2
43.0
25.6
9.6
45.8
37.0
66.3
23.0
46.7
12.4
40.1
15.5
48.4
31.8
19.8
13.1
50.8
31.7
14.5
48.8
40.9
34.5
31.4
14.2
48.0
37.0
18.5
35.8
55.2
16.3
40.4
9.7
38.3
19.6
4.4
39.1
29.8
24.3
23.0
26.0
25.9
53.0
28.3
49.8
11.6
38.0
10.2
38.9
19.0
7.7
39.8
32.2
27.8
29.4
33.2
23.1
50.7
28.1
12.0
46.2
37.5
31.0
29.9
32.1
39.4
20.4
48.1
28.8
14.5
3.9
41.4
35.7
35.4
39.1
8.5
19.4
32.1
6.8
39.5
5.1
34.3
10.6
43.7
26.2
13.1
6.2
44.6
3.4
7.5
14.2
22.6
34.4
14.0
29.7
24.3
49.9
66.5
17.9
38.7
60.3
26.3
54.4
31.8
13.6
46.2
34.2
26.4
21.9
23.1
27.5
34.4
8.4
21.6
35.5
18.9
15.4
43.4
17.4
48.2
31.2
18.7
10.5
39.7
20.7
4.7
38.0
28.4
22.2
20.3
11.5
46.2
36.3
30.6
29.7
32.6
32.8
15.9
47.2
29.1
15.1
5.0
42.5
39.9
40.7
8.1
15.9
52.8
33.0
16.7
4.6
42.9
36.5
36.1
38.9
7.1
17.0
27.7
41.3
32.4
58.3
72.4
69.0
70.8
72.8
76.5
9.2
23.2
36.5
51.2
7.0
30.5
53.0
23.8
51.3
28.8
11.6
46.1
37.7
32.5
31.1
33.2
38.7
10.0
22.3
20.7
13.5
38.3
50.9
64.9
16.1
37.5
59.5
7.8
7.3
90.9
69.7
54.1
42.1
31.8
25.5
23.9
23.3
27.7
33.3
42.4
54.3
66.3
12.0
29.0
48.4
8.9
32.9
34.5
31.6
13.4
46.8
33.1
23.0
17.3
15.6
18.2
24.9
33.3
10.3
51.5
24.5
47.0
18.3
45.9
22.9
6.2
40.8
32.1
25.3
23.9
26.1
14.7
6.6
44.6
4.6
9.7
17.5
19.5
19.0
21.8
27.3
34.8
36.5
35.7
38.0
6.1
15.3
18.5
50.1
31.6
15.6
5.9
43.7
40.5
3.4
11.8
20.6
33.4
12.4
20.5
26.6
34.2
8.9
21.8
3.4
21.7
6.3
43.8
21.8
6.2
38.9
29.8
23.3
6.9
26.9
34.2
26.5
109.5
83.4
37.1
123.3
50.8
133.8
66.0
4.1
86.8
30.5
112.8
61.8
16.2
98.2
57.1
20.9
103.5
71.5
45.4
24.2
3.7
86.1
69.4
59.6
51.6
45.1
41.8
40.9
42.7
47.4
54.2
66.2
9.3
28.2
45.8
6.7
26.2
53.2
24.6
3.6
35.5
20.0
10.4
48.8
26.0
9.1
42.8
31.0
23.4
21.0
23.1
29.5
22.4
18.4
20.3
24.3
6.6
22.9
26.5
30.3
36.6
47.8
60.6
7.2
24.4
45.8
8.2
34.2
5.7
35.9
16.9
50.8
39.6
31.4
26.7
28.2
33.2
39.3
12.4
24.5
16.0
48.4
33.9
24.0
18.6
17.3
21.1
28.1
36.7
23.8
44.1
4.9
29.2
54.5
27.0
8.3
40.9
28.1
19.0
9.5
8.9
11.7
18.4
28.5
32.7
32.3
35.3
4.6
15.7
28.9
9.4
13.0
20.4
29.5
25.2
26.4
11.6
48.8
40.3
36.7
37.6
12.0
38.4
11.0
42.8
24.3
8.6
46.3
37.6
33.7
35.9
40.3
40.2
33.7
32.8
35.0
40.0
10.8
13.3
12.1
15.4
21.4
30.2
42.0
41.7
4.6
10.5
19.5
30.7
18.5
39.2
47.5
57.5
69.0
19.2
37.6
59.8
22.2
49.1
21.5
52.7
33.3
15.7
7.4
45.7
41.5
42.5
37.4
62.8
77.0
76.9
7.7
16.0
28.2
40.5
56.6
9.2
30.6
52.9
19.6
46.8
24.2
7.4
41.2
29.2
21.7
18.6
19.7
25.8
33.1
9.2
22.2
4.2
22.0
28.9
38.8
15.0
14.1
16.8
16.9
10.6
9.7
13.0
18.4
17.8
11.9
42.6
24.8
10.5
46.0
25.5
43.2
20.2
26.5
50.4
20.2
48.7
30.2
14.6
39.0
39.1
33.2
32.3
16.1
48.6
36.7
31.4
29.9
22.8
46.8
16.7
45.4
63.2
23.9
46.1
16.4
43.9
20.9
3.7
38.8
31.0
24.3
22.8
25.2
30.5
38.0
14.2
27.3
9.2
3.8
28.9
55.9
33.2
15.9
49.9
38.2
31.0
28.1
19.2
5.8
41.3
23.5
41.9
61.8
22.3
46.7
16.6
45.4
26.9
11.1
45.9
36.7
31.6
29.2
23.1
46.7
17.2
45.5
26.8
10.4
45.2
35.9
30.8
30.5
33.7
3.6
14.4
27.1
32.6
17.0
5.5
42.4
35.7
34.6
36.6
6.0
17.1
30.0
36.5
40.1
21.9
50.5
27.6
60.0
23.6
48.7
21.3
24.9
36.1
22.0
11.9
5.8
4.1
7.0
13.5
22.3
34.9
14.2
30.4
11.5
49.6
22.7
3.7
37.2
22.5
4.1
19.4
36.4
55.7
16.5
40.4
10.5
38.7
20.6
4.1
38.7
29.2
23.8
22.6
24.9
4.9
32.2
9.6
42.1
27.3
18.6
12.6
11.0
14.9
50.4
19.0
45.8
27.1
11.0
46.2
36.4
30.4
29.6
31.9
38.9
12.5
50.7
16.2
23.0
15.0
10.3
8.5
13.2
16.8
25.8
36.4
49.7
63.6
13.6
33.0
53.6
17.0
42.2
15.4
47.9
29.8
17.0
8.9
3.4
44.9
27.2
60.9
29.2
56.3
33.8
16.2
50.1
38.3
31.3
27.9
28.5
33.2
4.7
17.0
30.5
5.2
39.3
5.9
32.8
9.5
42.9
27.2
15.5
8.2
5.2
6.6
12.1
19.5
30.7
6.4
19.7
13.0
36.9
48.2
65.4
17.0
38.4
60.7
27.7
55.8
33.0
14.6
48.2
36.4
28.0
23.6
25.0
29.1
19.7
15.0
13.9
17.7
18.0
45.2
23.1
6.7
41.3
29.8
21.5
17.8
18.4
23.5
30.8
41.5
39.3
13.1
37.0
8.0
35.5
13.1
45.4
30.2
21.7
14.7
46.3
27.6
13.3
4.6
43.5
39.2
40.5
6.8
13.9
25.4
30.0
11.1
44.7
33.0
25.4
21.6
22.6
26.3
30.8
4.7
17.9
31.9
15.8
21.1
4.5
32.8
13.9
46.7
33.4
23.3
17.6
17.2
20.9
27.5
35.5
21.3
3.5
38.3
26.7
19.0
15.2
16.9
22.1
28.3
37.7
12.9
27.3
29.5
37.2
29.1
24.8
26.0
10.9
48.4
40.2
36.9
38.6
4.6
12.4
22.6
34.4
14.9
9.9
34.8
4.7
33.6
15.3
47.1
33.2
9.8
31.3
13.6
47.0
33.1
23.6
18.4
16.9
9.7
33.9
4.2
30.1
9.9
42.7
28.0
17.7
11.8
53.3
35.4
21.9
13.0
40.8
18.6
27.4
37.7
29.3
22.8
21.8
15.7
49.8
41.3
34.3
22.1
42.3
4.6
30.2
8.6
34.5
16.4
50.0
39.4
31.4
27.4
28.8
14.0
5.1
42.9
27.3
47.0
8.3
32.6
57.5
30.4
11.7
44.0
29.9
20.0
14.2
12.8
15.7
22.8
15.6
12.5
13.0
17.9
25.2
36.2
39.3
8.1
15.6
25.1
19.8
18.9
23.7
27.4
34.8
45.8
58.0
3.2
20.3
40.1
61.2
25.2
51.3
24.4
5.7
38.5
24.3
14.8
9.3
8.3
11.9
17.7
54.6
19.0
23.0
31.3
41.5
54.4
67.8
17.6
37.0
57.8
21.7
47.6
20.4
53.0
35.3
21.0
47.3
20.9
53.1
35.4
22.1
12.6
8.3
7.1
10.5
18.2
27.3
23.3
24.9
29.7
36.5
44.9
32.0
14.3
47.5
35.9
27.6
23.4
24.7
29.0
35.6
9.4
14.1
44.5
61.2
67.7
63.1
60.4
61.0
63.5
69.8
75.6
16.0
28.7
43.5
60.6
18.1
39.7
6.3
33.3
10.0
44.4
29.2
17.8
11.1
7.4
8.3
14.3
22.1
23.2
53.5
12.2
34.6
58.7
28.4
4.7
39.2
23.9
12.2
4.5
44.2
43.0
8.5
17.1
28.4
40.3
39.1
41.7
33.3
27.1
26.3
29.3
35.3
6.4
18.7
23.9
59.3
20.9
47.7
19.1
47.8
28.4
13.6
4.9
42.0
37.4
39.2
4.9
43.0
36.6
35.8
36.7
25.8
18.4
14.4
15.2
19.9
12.4
8.6
10.4
14.4
21.1
30.9
8.3
22.3
5.9
18.6
56.2
19.8
37.8
57.6
20.9
47.0
19.5
51.8
32.7
17.6
9.1
7.5
43.0
4.8
10.6
19.3
29.8
6.6
6.5
40.2
65.1
76.8
75.1
75.3
4.6
14.1
27.2
39.0
54.8
7.9
30.6
52.9
20.1
46.7
23.5
6.8
40.4
28.7
19.7
13.7
14.5
19.7
28.1
29.1
27.0
29.7
35.6
6.8
18.4
17.6
20.4
18.1
46.4
23.2
6.4
39.4
5.5
34.7
11.1
44.4
25.6
48.3
19.2
46.2
63.0
20.2
27.8
21.4
20.4
19.0
20.3
26.0
34.5
45.0
58.1
7.9
24.5
46.2
8.0
33.5
5.9
35.5
16.2
50.1
38.8
30.5
27.2
17.9
50.9
39.5
31.6
27.3
28.1
31.8
39.5
13.5
25.0
32.1
15.9
4.8
41.0
36.0
34.6
37.4
7.1
18.2
21.0
20.4
53.4
8.4
22.9
38.9
56.0
17.2
40.1
10.8
38.2
15.6
47.6
32.6
24.4
18.3
16.5
19.1
24.7
32.6
43.4
30.9
13.6
46.9
35.2
18.4
37.9
57.3
19.4
43.4
13.6
42.7
24.4
9.6
44.2
34.7
29.8
29.1
32.7
39.1
12.4
17.1
47.5
30.6
18.6
55.8
30.0
11.0
43.8
30.0
20.4
15.2
13.4
45.7
10.0
36.4
10.5
40.5
22.4
8.6
47.2
40.5
38.0
10.0
34.6
4.5
23.8
42.9
14.6
26.1
53.2
21.7
54.1
35.5
20.3
12.1
6.3
5.3
9.6
16.1
24.5
35.5
13.0
28.2
37.6
16.5
45.3
61.8
17.0
38.5
5.1
34.1
9.5
42.8
25.6
13.0
6.0
45.1
3.6
7.7
45.1
4.2
9.0
12.3
19.0
29.0
42.0
55.2
5.7
25.8
48.4
10.3
38.3
12.4
44.1
28.2
15.8
9.1
4.5
5.6
9.6
16.2
25.5
36.3
15.6
8.9
40.0
31.3
24.0
22.2
24.9
30.8
38.5
32.0
31.6
35.9
5.4
6.6
37.1
18.8
3.6
40.1
31.9
27.6
28.4
32.1
14.6
42.4
23.6
6.6
40.8
32.1
25.8
24.5
17.2
4.4
43.1
36.5
23.8
6.9
41.0
32.2
25.5
24.1
26.7
33.9
14.9
44.0
25.3
8.8
43.0
33.7
7.7
37.7
8.2
19.8
18.7
17.5
21.3
26.3
34.3
44.9
57.0
70.3
19.5
38.9
60.5
24.3
49.9
21.6
40.5
35.5
22.4
13.1
7.4
6.5
9.6
16.1
24.4
37.4
37.1
39.3
8.2
44.1
8.1
11.8
21.2
31.2
43.9
56.4
5.7
24.9
45.6
10.1
37.0
10.1
42.4
24.8
10.8
47.2
39.9
36.4
37.7
4.5
13.3
26.7
33.2
35.2
21.6
3.3
31.3
11.8
44.0
28.8
9.1
24.1
42.5
63.7
24.4
48.3
17.8
46.8
28.0
11.8
47.9
39.2
34.2
32.7
16.0
4.8
41.9
37.1
32.2
34.6
4.6
42.6
39.1
39.9
25.0
50.6
68.0
19.6
41.6
5.3
31.2
5.3
37.4
20.4
5.7
42.3
35.1
31.6
21.3
44.0
55.3
67.1
19.5
39.0
60.4
24.2
49.8
23.8
5.3
39.0
24.2
14.5
8.7
7.8
10.6
17.3
17.7
46.7
27.5
13.0
3.6
40.4
17.8
51.0
35.0
23.0
15.6
12.1
13.0
18.6
26.3
37.6
41.1
33.7
8.1
15.8
11.3
10.0
51.4
37.1
26.9
19.3
18.1
21.7
27.9
10.5
39.8
20.4
6.6
44.2
36.1
31.8
34.1
38.8
8.1
45.7
10.1
31.6
54.9
21.3
49.6
26.1
9.6
42.6
30.5
23.3
18.7
20.3
15.5
41.2
14.2
45.8
27.8
13.6
3.6
41.5
38.7
40.4
9.3
17.9
21.5
20.5
52.1
7.2
20.1
34.8
51.4
9.1
31.3
55.4
26.2
54.7
35.8
20.4
8.6
45.6
39.8
39.0
4.2
11.3
22.3
34.8
41.2
14.1
39.4
66.3
14.4
32.8
53.8
17.9
43.1
16.2
48.5
31.6
18.1
8.7
38.4
42.5
4.4
11.1
19.2
31.5
37.9
20.3
5.9
41.6
34.2
30.5
30.9
35.7
6.6
19.4
7.6
40.5
25.6
17.1
10.0
7.3
11.0
6.9
35.7
52.4
55.7
41.6
31.2
24.8
18.7
17.1
20.9
24.9
32.5
42.8
55.1
67.7
18.4
38.6
60.5
23.8
49.7
20.7
53.6
35.9
22.0
47.3
19.6
37.4
60.3
16.9
43.5
15.2
44.3
23.7
8.4
45.3
36.4
32.0
33.6
38.3
7.9
18.5
30.1
36.3
9.6
35.7
7.3
36.3
17.4
41.2
41.0
33.6
29.7
30.7
34.7
4.3
7.1
4.8
8.5
15.4
23.2
34.7
12.2
27.0
21.1
9.3
46.7
41.5
40.7
43.1
35.1
28.3
28.2
30.8
36.2
7.6
19.1
32.9
14.7
7.9
33.9
49.7
66.3
68.8
73.9
8.6
20.1
35.3
52.6
9.9
34.1
57.5
27.8
41.7
36.6
19.9
7.8
46.2
40.1
38.9
32.1
10.4
18.9
15.1
16.5
20.4
26.6
36.3
13.2
19.1
51.7
6.2
5.5
4.3
9.4
13.0
19.3
29.5
42.8
55.9
7.1
29.4
52.4
16.9
45.0
19.4
51.0
33.5
22.1
15.2
11.6
52.1
24.3
49.1
18.7
47.3
28.8
12.7
47.8
38.3
34.3
33.1
6.1
30.2
56.9
31.3
13.3
46.3
34.6
26.0
21.5
23.2
27.8
36.1
37.6
13.0
44.7
30.0
20.9
14.3
12.9
15.9
21.7
29.7
23.9
22.6
25.5
25.3
51.8
28.7
11.2
44.5
33.0
25.3
22.6
24.3
29.8
37.8
13.7
19.2
26.9
36.6
24.5
16.3
13.0
13.5
17.8
25.1
26.2
56.0
78.7
12.6
27.3
40.6
52.7
56.8
46.1
16.0
103.0
74.9
49.9
27.8
9.2
95.5
81.3
70.2
63.0
58.6
59.7
62.3
68.7
74.3
14.2
27.0
41.8
58.5
16.8
37.5
56.4
24.7
52.2
32.7
54.6
63.4
56.3
52.2
49.8
50.3
54.1
59.5
70.8
13.5
31.2
47.2
5.9
26.1
50.9
21.6
48.9
6.1
26.5
48.7
18.4
45.0
24.1
14.4
24.9
33.6
46.4
61.3
15.4
34.9
44.0
40.3
38.7
41.0
46.5
54.4
65.7
6.2
17.5
33.0
51.7
11.4
35.9
5.5
34.0
14.6
47.2
33.7
23.8
18.2
16.8
19.7
19.5
48.9
65.7
21.7
43.5
10.1
37.6
7.9
40.9
23.5
56.6
27.3
54.7
32.6
16.5
4.4
43.2
36.2
35.2
37.3
44.6
35.9
15.9
36.7
45.6
38.4
11.6
94.8
46.2
128.6
88.4
53.2
23.0
110.4
81.0
55.1
32.8
14.9
4.7
87.5
76.5
69.0
63.8
61.7
61.7
64.5
70.5
6.5
18.9
34.5
52.3
10.3
32.5
56.8
26.7
54.8
36.5
20.3
8.7
45.2
9.0
11.8
94.3
85.6
76.6
70.4
67.2
68.3
71.5
76.2
10.4
24.9
40.0
57.5
13.9
38.0
3.7
32.3
8.0
41.8
24.6
12.3
5.6
44.8
3.4
9.3
15.9
24.8
37.4
16.6
25.1
58.9
25.6
53.4
30.6
13.2
46.7
35.0
27.8
25.2
8.8
42.6
9.3
36.0
12.8
45.7
29.7
18.0
10.4
8.2
9.9
15.6
8.7
4.7
6.5
10.1
16.7
25.3
37.7
17.3
20.2
26.1
22.6
50.2
27.4
10.2
45.0
37.0
31.0
30.0
33.1
30.0
19.8
46.7
65.0
69.4
3.7
18.1
33.2
50.7
6.8
30.7
54.1
25.2
53.6
34.3
16.6
25.9
41.3
34.4
33.6
35.6
3.4
40.2
4.1
7.5
16.9
26.0
39.9
53.4
3.6
23.5
43.9
7.1
32.3
4.9
36.5
19.0
5.4
41.6
34.2
31.1
31.3
17.1
7.9
45.2
42.0
42.6
28.4
19.0
48.2
65.5
24.1
46.5
13.5
41.3
19.0
52.4
36.8
25.1
17.4
13.8
15.1
21.1
29.4
38.9
22.4
42.1
49.2
60.7
3.8
22.4
40.2
62.4
24.1
50.6
22.0
51.7
33.1
18.2
9.3
46.7
42.5
4.0
10.6
18.0
55.5
32.5
15.6
40.7
41.4
34.4
21.4
42.1
49.7
60.0
4.1
24.4
42.4
4.7
29.2
56.2
27.7
7.0
40.3
26.3
17.9
11.9
9.5
12.8
9.6
37.9
52.6
6.4
27.6
49.9
16.2
43.4
20.4
4.5
38.6
27.0
19.3
5.5
38.9
23.0
11.4
4.1
41.4
37.8
40.7
42.0
35.0
32.4
16.6
4.1
42.5
6.0
22.5
27.3
17.2
103.6
75.8
51.0
29.2
11.6
98.4
83.5
71.4
64.1
59.6
60.7
62.6
68.6
75.0
14.9
27.8
43.1
60.6
17.6
39.9
6.8
33.9
10.1
44.2
28.3
16.7
8.2
5.0
6.2
40.2
28.3
20.8
17.6
18.0
23.0
30.9
41.1
38.1
39.0
36.6
28.7
24.5
25.5
29.4
36.1
36.8
24.8
7.6
41.3
29.8
21.1
5.3
25.1
32.0
43.6
56.7
6.2
25.1
47.3
9.3
35.6
8.5
37.5
17.9
3.5
40.4
32.1
27.4
28.8
33.1
34.2
27.8
26.9
29.8
35.5
42.5
27.6
8.9
42.4
30.8
23.3
19.9
21.2
25.2
32.0
5.5
17.5
31.2
40.1
15.6
40.7
15.0
47.4
30.0
16.5
8.1
46.0
43.2
4.5
4.2
41.3
36.7
38.1
32.6
23.2
17.3
16.1
49.2
36.1
28.0
22.5
21.7
25.3
30.2
36.7
21.2
41.4
49.3
61.0
4.3
22.3
39.0
60.9
22.5
49.2
20.5
50.4
30.4
15.5
6.1
43.9
39.9
41.4
7.2
14.8
25.8
3.6
18.3
27.9
5.2
31.7
7.8
41.3
25.3
14.3
7.8
4.8
5.6
11.5
11.2
40.0
57.6
63.8
70.3
10.4
23.6
38.1
55.0
12.9
34.5
58.5
26.0
52.8
16.8
40.6
5.6
33.9
7.8
39.2
22.5
10.7
4.7
33.3
50.7
12.3
35.2
3.8
27.9
4.3
37.5
23.3
14.1
7.4
5.6
8.9
14.1
22.1
33.5
43.9
35.3
20.0
8.0
45.9
40.7
31.9
17.1
5.2
33.7
48.4
65.3
22.8
45.1
12.1
39.3
17.3
50.4
34.0
22.3
14.4
10.9
11.7
17.5
25.4
37.4
14.4
6.5
40.5
29.5
21.8
18.2
8.8
31.4
55.8
26.7
4.6
37.5
23.4
14.3
43.0
60.0
15.7
37.4
6.7
32.1
8.2
41.7
24.8
12.4
5.7
42.6
40.7
4.7
11.2
49.5
24.3
6.0
39.0
27.6
19.9
15.5
17.7
23.1
30.8
3.6
15.3
29.8
38.2
25.5
16.4
11.0
52.7
35.3
21.4
10.8
4.8
46.9
20.4
43.3
13.8
40.8
18.4
51.3
36.8
28.4
21.2
19.6
22.6
29.1
37.0
38.7
19.6
51.5
36.5
27.7
21.3
19.7
22.7
29.5
37.2
4.4
3.2
45.4
20.4
46.4
19.4
52.1
34.1
19.4
10.1
4.5
36.0
18.6
3.9
38.7
31.8
28.9
29.7
4.6
30.4
4.1
35.9
19.1
5.2
42.2
24.2
42.3
45.2
34.0
27.3
20.8
17.3
16.5
19.1
24.5
31.5
42.5
55.4
5.5
23.2
44.8
7.9
34.4
7.1
38.1
20.0
5.8
43.1
35.0
30.7
32.2
36.0
5.2
15.8
27.4
34.2
7.1
21.4
34.6
50.4
3.9
25.1
47.1
13.4
40.0
15.9
49.3
33.7
22.5
15.3
12.0
12.6
17.7
24.9
26.0
24.1
25.6
30.2
37.7
5.3
6.0
9.1
16.2
24.5
20.0
21.0
6.1
43.8
35.5
31.2
32.9
36.7
6.3
16.8
28.6
10.2
28.3
26.2
18.5
13.9
15.1
18.5
25.8
32.3
27.1
17.9
3.7
40.9
32.7
28.9
31.1
35.2
4.2
6.4
4.0
7.8
13.6
20.9
16.7
15.7
18.7
25.1
34.2
11.3
18.9
3.2
37.6
27.7
23.4
22.7
25.5
32.2
5.4
18.6
32.6
9.0
44.7
14.5
43.3
23.5
6.0
40.7
30.8
25.3
24.3
27.2
27.2
54.1
32.1
6.7
31.0
58.3
29.3
6.5
37.9
23.1
13.7
43.4
60.7
16.4
38.0
3.9
32.1
47.4
64.6
22.7
45.5
12.4
38.7
15.1
48.0
31.5
19.8
12.8
9.3
10.6
15.5
22.3
23.9
23.1
26.0
31.1
38.6
5.9
4.6
7.8
45.6
36.6
32.7
33.8
38.4
7.9
18.7
30.5
5.1
38.6
27.3
20.8
17.0
18.7
24.5
14.7
7.5
3.6
5.4
41.0
67.9
19.5
39.2
61.0
25.6
51.7
24.9
6.6
40.6
26.8
16.5
11.1
11.6
15.1
21.5
30.0
25.5
27.4
31.2
38.4
13.1
17.6
49.0
8.4
31.8
56.1
69.5
19.8
41.5
3.8
30.8
3.3
32.4
13.4
47.6
35.1
6.2
35.1
15.5
48.8
37.8
30.1
26.4
28.0
32.6
39.0
13.6
26.7
42.5
34.9
58.7
30.2
5.4
38.2
21.3
8.8
46.4
40.5
39.4
39.6
37.4
64.1
14.3
33.5
54.7
18.4
44.4
17.5
49.5
32.2
18.3
8.6
6.2
4.1
7.4
14.1
23.0
35.3
14.5
23.0
28.3
35.8
10.5
50.2
19.2
41.2
8.0
36.7
13.0
46.4
29.4
17.2
10.1
6.6
8.2
12.5
12.2
5.5
4.6
8.4
14.2
13.7
42.9
59.8
18.4
40.9
8.0
35.3
12.2
44.9
16.8
43.4
70.0
6.8
10.2
18.7
28.2
41.5
54.8
4.2
23.6
45.4
6.6
31.7
5.0
36.6
19.5
5.3
42.6
35.2
31.9
32.6
37.5
36.5
31.6
30.3
23.9
58.2
29.1
6.2
40.3
24.9
13.5
6.2
3.8
4.6
9.6
17.6
18.8
50.9
31.6
16.4
7.1
44.9
40.6
18.5
8.7
16.5
25.4
21.8
22.7
18.7
45.0
58.9
11.5
32.9
55.9
21.8
49.6
27.4
10.6
44.7
32.7
25.0
21.5
12.4
38.1
51.4
65.1
14.8
33.9
55.0
18.3
43.2
16.7
47.1
28.9
15.1
6.0
43.9
41.0
41.9
9.6
18.6
30.9
29.4
32.1
37.2
8.0
20.7
26.4
27.3
47.9
28.1
55.3
33.0
17.0
22.5
38.8
31.6
28.7
29.3
4.6
16.3
31.9
49.7
6.1
30.2
53.7
24.6
52.5
33.0
16.4
4.2
42.4
35.8
34.5
36.1
4.2
12.7
9.2
10.2
14.1
20.9
30.1
32.8
31.7
34.3
4.0
14.6
20.0
21.7
25.9
31.7
13.6
32.3
52.1
12.4
35.0
3.6
32.4
14.5
48.2
34.3
25.2
19.8
18.6
21.2
21.8
15.6
13.5
16.3
21.8
29.5
31.8
31.1
33.6
38.3
10.2
21.7
26.3
16.8
41.6
54.0
66.4
15.9
35.0
56.2
20.3
45.8
19.8
51.5
33.6
19.6
10.2
4.8
3.8
8.2
14.5
23.8
36.4
15.9
34.3
15.7
8.6
4.3
5.8
10.1
17.5
28.6
5.2
19.7
28.5
4.3
30.4
5.8
34.3
16.5
50.0
38.9
31.6
25.9
26.7
31.7
39.0
5.5
36.9
19.4
5.1
41.7
34.4
31.1
31.5
37.9
29.6
24.5
5.6
38.6
28.2
21.0
48.7
65.7
70.1
3.8
17.9
31.5
47.2
65.2
26.0
48.9
18.9
46.0
23.8
7.6
41.7
34.3
27.9
26.2
28.9
34.8
6.0
17.1
5.3
38.0
22.9
14.2
40.9
18.4
51.9
36.2
24.4
16.4
13.9
14.4
48.4
72.0
15.9
34.7
53.4
59.0
66.8
8.2
23.2
40.9
55.7
17.4
41.6
12.7
40.9
21.5
4.6
39.1
30.3
23.1
21.5
24.2
30.6
38.4
15.0
21.3
23.9
58.2
11.6
26.5
44.7
62.6
24.2
48.5
19.6
47.4
28.0
11.7
46.4
37.9
31.4
30.4
32.9
38.9
9.9
48.2
28.8
10.9
35.2
47.8
45.1
44.8
47.6
52.5
60.6
3.2
17.7
35.7
54.0
13.5
37.0
7.8
37.4
18.3
50.8
35.6
26.9
20.0
17.8
11.1
34.5
5.5
33.5
13.1
45.2
31.5
22.8
4.0
9.0
14.1
19.1
24.1
29.2
34.2
39.2
44.3
49.3
54.3
12.4
44.6
18.6
32.7
47.0
62.7
17.9
40.9
6.1
34.6
9.7
40.5
24.3
12.0
5.1
44.1
41.0
3.9
11.0
20.3
32.8
32.1
34.4
40.4
12.0
23.4
21.0
37.1
37.6
30.7
23.8
21.6
24.7
30.6
38.6
40.2
20.8
3.8
37.8
29.1
22.3
19.7
51.9
37.1
29.1
20.9
18.7
21.8
26.8
34.3
35.9
54.8
24.4
47.2
14.2
41.1
18.4
51.1
33.1
21.8
14.2
10.7
11.3
16.3
24.3
35.5
4.9
40.0
62.5
28.7
56.0
31.3
12.0
45.2
34.3
26.6
22.3
23.5
27.1
27.1
53.7
30.8
13.5
47.8
36.2
29.1
25.7
27.5
14.0
40.0
13.2
44.6
26.6
14.0
6.2
44.6
41.0
41.9
37.9
31.6
17.7
49.9
33.8
22.7
14.9
10.3
10.5
44.5
32.8
59.8
10.9
29.6
52.0
14.9
40.7
13.7
44.9
27.4
13.6
3.6
30.6
5.9
38.4
24.0
15.6
9.3
7.2
10.8
16.2
24.0
34.3
20.9
3.9
36.9
25.8
19.0
5.1
39.0
22.6
10.2
46.9
30.2
48.2
53.1
60.8
21.0
17.4
36.1
54.2
16.2
39.8
11.1
40.2
21.7
4.7
39.0
31.0
25.5
25.1
28.3
33.9
33.4
8.4
39.2
22.3
9.8
18.9
41.9
39.3
22.1
8.5
47.2
41.0
40.2
32.7
59.0
71.0
69.0
69.0
71.6
76.8
12.1
26.5
41.8
56.7
12.2
33.9
57.2
29.3
4.5
37.7
20.7
7.7
46.1
40.8
39.9
3.3
10.3
20.1
5.2
25.1
34.4
46.3
59.9
8.3
26.6
48.2
10.6
36.7
8.9
38.3
19.1
4.7
41.5
33.9
30.4
31.9
27.4
17.5
46.5
63.4
21.0
43.7
10.9
38.1
15.5
48.4
32.8
21.0
13.3
9.4
10.1
15.6
22.5
7.3
38.9
22.3
9.5
47.4
40.5
39.2
41.3
17.5
31.2
49.1
6.1
26.4
47.4
18.4
46.5
27.6
11.8
46.2
37.3
30.4
29.1
21.3
44.5
15.4
43.4
24.0
7.2
41.2
33.1
27.3
26.3
28.7
35.6
28.1
23.6
25.3
29.4
35.9
9.8
22.1
13.4
45.6
31.4
21.8
15.9
15.2
18.1
54.4
26.0
11.3
35.2
19.9
11.0
3.9
33.4
55.4
63.7
5.0
19.1
36.8
54.6
16.1
39.1
9.5
37.2
15.0
46.5
20.2
33.6
47.0
62.3
17.9
41.3
7.4
35.5
7.9
38.6
21.4
9.1
47.0
40.0
39.3
33.3
9.0
18.2
29.7
9.3
26.0
20.8
11.0
5.9
5.5
9.9
16.3
25.1
37.3
26.4
46.7
8.7
35.5
9.1
41.0
22.9
8.3
45.1
36.7
29.7
20.0
42.6
53.0
65.4
17.4
36.5
58.3
22.7
48.6
21.7
3.7
36.7
22.9
13.2
9.1
8.2
10.7
16.3
17.2
13.9
15.1
20.5
28.6
5.2
18.5
33.6
27.1
15.7
8.7
5.6
6.7
10.7
18.4
12.0
42.7
4.2
27.6
54.4
25.3
3.6
36.1
21.0
12.6
5.7
3.6
7.5
13.5
21.5
32.0
9.6
18.5
51.9
19.1
46.9
8.8
27.7
49.1
12.9
38.4
11.6
43.5
25.9
12.8
3.8
42.1
38.6
39.8
7.4
16.1
29.5
42.5
34.6
57.6
28.6
56.1
33.7
16.9
4.6
43.5
37.5
36.1
37.9
6.8
14.6
52.9
20.1
29.4
40.4
52.8
66.4
17.1
38.2
60.8
25.3
51.2
26.5
8.0
41.3
29.8
22.2
17.9
19.1
23.3
23.5
50.0
27.9
10.5
43.9
32.2
24.9
21.6
22.5
27.7
34.7
44.4
41.2
42.0
38.0
41.0
36.4
37.3
41.3
32.4
27.3
26.3
30.7
39.1
39.4
16.3
48.6
33.8
25.3
19.3
17.2
48.8
12.2
37.8
10.9
42.3
24.7
10.5
46.5
39.7
37.4
38.3
6.1
15.1
27.4
34.0
17.5
4.5
40.9
23.8
52.8
33.3
18.3
6.2
42.3
38.3
39.5
5.0
12.8
23.3
9.7
42.8
26.7
14.7
7.5
4.2
4.8
10.4
18.1
30.1
7.9
49.1
32.7
55.9
25.2
53.7
35.2
19.5
8.7
45.8
40.9
39.6
4.7
12.5
15.3
13.1
16.5
22.0
29.5
4.1
17.4
31.9
9.9
16.6
25.2
10.9
44.2
27.3
15.0
7.5
3.6
5.0
9.8
16.4
25.7
3.5
17.6
34.1
29.2
54.7
28.1
57.9
76.8
84.1
75.6
70.2
70.4
71.6
78.1
11.2
24.6
37.7
53.2
6.8
28.3
50.7
17.3
43.9
20.8
4.1
38.1
26.8
19.5
17.3
18.2
23.0
22.3
51.4
69.0
72.2
62.7
55.5
49.6
47.6
48.6
51.6
56.5
63.8
5.5
20.0
37.8
55.8
16.0
40.1
11.1
38.9
20.0
16.3
37.5
28.7
22.1
20.7
23.7
29.4
37.6
5.0
4.5
8.7
15.4
24.7
37.5
25.9
46.1
9.3
35.1
8.6
39.7
22.0
7.1
42.5
33.3
29.5
20.0
5.7
40.5
8.9
38.2
18.4
4.4
40.9
33.1
29.4
30.5
34.4
4.6
15.8
12.6
13.6
9.5
47.1
20.4
52.4
34.7
20.8
11.3
6.2
37.0
19.5
6.1
41.4
33.4
20.6
3.8
37.9
26.1
19.2
15.6
16.6
22.9
23.8
19.3
18.2
11.2
34.2
3.7
32.9
14.8
48.0
34.2
24.3
17.7
16.8
20.3
27.2
36.9
13.9
20.7
24.2
15.9
8.9
37.8
57.6
16.7
39.0
9.8
38.9
20.8
4.7
39.6
30.1
24.9
24.0
27.0
33.9
26.9
24.1
25.3
21.7
14.8
9.5
40.1
60.3
67.2
6.2
20.7
39.1
56.9
18.5
41.2
11.8
39.5
20.8
4.1
39.2
31.0
14.5
46.0
27.5
14.5
4.7
43.0
39.6
40.9
9.6
10.4
6.6
8.2
11.8
10.6
38.9
16.5
50.6
37.5
29.7
22.9
10.1
42.0
26.5
17.6
11.7
10.0
13.4
18.6
26.0
38.3
7.3
6.8
12.1
19.3
3.7
33.6
16.6
3.6
41.9
35.4
34.4
36.7
4.7
13.6
26.4
41.4
32.7
55.8
26.7
54.1
31.2
14.5
49.4
40.5
35.0
34.0
36.6
4.6
42.7
37.7
18.9
34.3
37.7
28.4
22.9
21.7
24.8
30.7
12.5
31.3
36.7
44.7
55.9
67.2
12.7
29.6
50.1
11.2
35.1
5.2
33.6
14.9
48.2
34.1
25.5
20.6
18.9
12.1
37.2
50.3
67.6
19.5
40.6
62.1
24.7
52.5
28.7
10.8
43.9
32.4
26.5
23.0
12.8
45.7
11.1
39.5
15.3
48.2
31.1
18.9
12.4
8.0
9.6
14.5
21.6
31.1
7.5
21.4
37.4
33.1
23.6
18.1
16.6
49.6
36.8
27.4
22.5
21.5
24.6
31.2
4.2
17.5
8.2
40.6
5.1
33.9
7.9
38.6
21.3
8.5
46.2
18.9
37.3
42.3
49.0
60.5
15.4
22.3
40.0
62.3
23.4
50.0
21.8
51.2
32.1
17.2
6.6
43.2
38.7
41.0
7.9
16.3
27.0
23.7
24.9
22.4
49.6
66.0
18.9
41.9
5.7
31.4
3.8
35.9
18.5
4.7
40.3
33.4
30.0
30.7
36.6
7.1
20.1
8.1
40.6
27.2
18.6
11.6
9.2
12.2
18.0
26.1
21.1
20.3
23.8
30.4
3.6
41.6
22.8
7.0
43.1
33.8
28.4
27.1
29.6
36.4
9.9
49.5
17.1
40.2
4.6
33.2
7.6
38.3
21.4
9.1
19.4
40.7
40.7
3.7
9.4
46.7
21.1
51.9
34.8
23.2
15.7
11.0
12.6
17.6
25.0
33.5
29.2
31.3
36.0
37.4
10.9
42.3
24.6
9.8
47.4
18.8
50.6
32.6
18.0
10.0
7.3
42.9
5.2
11.3
19.7
31.5
43.7
34.7
56.9
68.5
9.5
25.0
41.4
60.2
20.8
44.1
14.2
43.8
26.0
10.1
44.9
35.8
30.5
29.4
61.9
16.6
29.5
44.4
62.3
20.9
44.5
12.2
39.3
16.4
50.2
35.0
21.4
56.7
30.8
11.3
44.9
33.5
25.2
20.4
51.0
34.1
21.8
15.6
10.5
41.4
25.3
13.5
7.0
35.5
51.8
12.9
36.3
6.6
34.1
11.7
45.1
30.1
21.4
14.8
13.6
16.5
22.2
30.0
24.0
53.4
14.5
37.7
9.2
37.6
16.6
49.6
35.9
28.2
21.3
20.3
24.5
22.1
50.3
65.7
21.0
42.4
6.4
32.2
4.9
36.4
20.2
6.9
43.5
35.4
32.2
6.5
29.0
56.3
27.3
52.2
32.4
16.9
8.5
45.6
40.4
31.3
16.7
8.1
45.2
41.0
3.5
38.4
28.5
22.4
20.2
24.1
25.4
52.4
15.6
20.0
26.9
37.6
50.6
67.7
17.6
38.5
61.0
28.4
55.6
30.0
11.1
45.4
34.9
27.0
22.7
23.5
57.1
11.9
9.2
9.0
11.0
15.5
22.8
33.8
47.0
63.5
15.6
36.3
58.4
24.8
52.7
28.8
10.8
43.8
32.9
26.0
22.3
23.5
27.0
33.7
7.6
21.8
21.6
53.3
18.0
46.2
20.7
52.1
35.4
23.5
16.3
13.1
14.2
17.9
25.0
35.4
10.5
25.2
41.2
44.4
34.9
29.2
10.7
43.4
28.8
53.9
4.1
22.8
44.4
7.0
30.7
44.0
60.2
15.8
38.9
3.6
33.0
7.2
38.0
20.7
54.2
8.6
7.7
12.3
16.4
23.8
33.7
46.6
63.0
13.8
35.0
57.3
23.9
52.2
27.0
7.2
40.2
28.7
21.6
17.1
18.5
22.0
3.6
18.3
35.0
51.0
10.9
35.1
6.1
34.7
16.0
49.0
34.9
25.1
19.3
17.9
20.5
27.2
36.3
39.6
38.0
40.9
10.2
47.7
24.8
7.8
41.4
32.7
26.2
24.5
25.5
59.9
16.6
35.3
53.1
15.4
38.2
8.9
36.0
16.7
48.9
33.7
24.9
18.4
17.3
20.9
27.0
18.9
47.9
28.7
12.8
47.5
37.7
33.2
32.8
35.2
16.9
44.0
21.8
5.0
39.0
30.5
23.7
23.2
25.2
31.1
39.2
14.2
14.4
48.7
71.9
81.0
75.3
54.1
36.6
20.1
7.1
93.6
84.1
77.5
73.9
74.9
77.7
7.1
17.1
31.1
44.0
59.3
15.8
39.6
4.0
33.0
7.0
37.2
20.2
8.0
46.1
40.0
39.6
41.4
10.1
19.9
22.7
3.9
36.9
22.6
48.1
20.9
50.7
12.0
34.6
4.8
32.4
11.3
44.0
28.9
20.6
14.2
12.2
15.4
21.3
29.1
30.9
30.1
34.1
40.2
38.9
68.7
22.9
45.0
8.4
30.1
55.5
33.5
16.1
50.3
38.7
31.2
17.1
38.8
61.3
27.6
54.9
28.9
9.1
43.2
31.5
23.6
18.7
49.3
9.6
33.5
4.3
33.0
14.1
46.4
30.9
23.3
17.6
46.6
5.3
27.2
51.2
21.3
49.9
31.8
17.5
5.8
42.9
37.8
36.7
39.7
9.6
20.9
25.3
6.1
40.2
28.8
21.8
17.5
19.2
23.3
29.9
3.8
8.3
10.1
14.3
21.6
31.5
35.1
34.3
36.8
44.3
36.8
31.3
32.0
37.9
8.6
4.3
4.9
8.6
13.7
4.8
44.7
5.0
8.4
15.5
9.8
8.5
41.8
28.3
19.0
12.9
11.5
44.0
8.7
35.6
10.8
40.9
24.1
11.7
4.8
43.7
43.7
6.1
6.2
35.0
53.8
9.4
31.1
54.1
26.3
55.0
35.6
18.0
4.9
43.7
6.7
24.6
44.7
6.8
32.9
6.0
37.3
18.8
4.3
41.8
32.8
29.2
30.5
25.0
50.4
24.9
6.4
39.3
25.9
15.8
8.3
7.9
10.8
18.4
28.0
5.2
19.0
27.5
32.7
4.9
8.3
7.3
10.6
17.3
26.4
39.3
27.9
11.0
45.7
36.5
29.8
27.2
59.0
24.9
51.0
24.6
6.3
39.9
25.8
15.9
10.4
9.0
50.9
26.2
51.6
25.7
7.3
39.7
25.7
16.3
11.1
10.3
13.1
20.3
29.2
32.3
31.5
16.0
4.2
41.3
36.0
35.0
38.1
7.3
8.7
37.7
56.8
16.4
40.8
10.9
40.0
22.1
7.0
40.3
64.9
16.5
34.8
57.2
19.5
46.3
19.2
51.1
32.5
17.2
8.5
46.3
42.4
4.1
9.7
47.7
11.2
29.3
50.2
10.3
23.8
21.1
6.1
91.7
53.0
18.0
101.2
70.6
43.8
21.4
5.7
87.6
71.6
61.8
54.0
48.9
46.9
47.2
50.1
55.4
63.6
5.7
20.2
38.9
57.7
19.6
42.9
14.7
42.7
23.0
5.3
39.3
30.5
23.9
22.1
24.6
3.4
30.0
6.3
40.4
24.2
11.2
45.0
20.4
51.2
33.9
22.0
14.8
10.7
11.7
15.7
21.8
15.6
12.9
14.7
19.9
27.6
3.4
8.2
10.7
44.0
34.0
61.8
12.6
31.6
53.0
16.7
43.0
15.8
47.5
29.3
15.3
5.2
42.9
39.6
41.4
49.0
30.6
48.1
50.6
55.9
64.8
4.0
18.4
37.3
55.8
17.3
40.4
11.5
39.1
19.7
19.4
38.3
29.6
23.0
21.6
14.9
49.7
41.1
34.5
31.7
14.8
49.1
40.9
34.3
31.6
34.9
40.1
11.0
19.8
26.0
27.5
32.4
31.0
59.2
12.3
34.3
56.9
24.6
51.5
28.3
10.5
44.5
33.5
25.4
22.9
24.9
12.1
3.8
41.0
38.4
39.5
45.2
36.3
64.7
19.6
41.6
7.0
33.8
7.9
38.8
22.1
9.2
45.5
38.9
36.9
39.3
46.0
26.8
43.1
62.2
21.9
45.3
14.4
42.3
20.7
3.8
37.6
27.3
20.3
18.1
19.9
24.8
31.9
32.9
63.4
21.5
43.4
7.7
34.9
11.4
43.1
26.8
16.4
9.1
5.9
7.2
12.0
49.7
13.2
31.6
51.5
13.7
40.7
13.7
45.4
28.2
13.2
4.5
41.6
37.1
38.4
4.4
12.9
6.6
5.6
8.4
15.6
25.0
4.0
43.3
5.0
11.4
20.1
32.1
11.4
20.0
54.9
8.3
24.1
42.0
60.3
23.3
47.5
18.6
47.8
29.5
12.6
45.9
37.5
31.2
12.0
44.3
28.8
20.2
14.1
52.5
21.4
29.8
22.9
20.8
17.0
21.0
25.3
33.4
43.6
55.6
68.9
18.5
38.1
58.8
22.6
48.2
21.7
4.0
37.3
23.4
14.1
9.2
7.4
40.1
14.9
40.4
13.4
46.2
29.8
16.3
6.1
44.5
31.5
51.4
58.7
71.6
13.8
31.8
49.0
9.6
32.1
59.3
30.5
7.7
39.9
24.7
17.0
11.4
9.6
12.5
18.5
26.4
20.7
19.8
22.6
29.2
38.8
15.8
15.0
18.7
26.5
34.2
37.1
4.8
11.2
46.1
85.1
76.8
79.1
80.1
10.6
20.0
33.0
45.9
60.6
15.1
36.5
59.0
25.9
52.8
30.3
14.2
49.0
37.3
29.3
6.5
39.7
25.3
16.8
53.7
30.8
13.5
47.1
35.3
27.8
24.3
24.6
58.1
10.9
26.3
44.2
62.5
24.5
47.9
19.1
46.7
27.4
10.3
44.9
36.2
30.0
28.7
32.0
29.2
22.2
19.0
20.3
26.0
33.4
8.9
48.3
17.2
38.8
4.6
33.0
8.7
41.8
24.5
12.2
4.4
41.5
41.7
5.4
12.3
12.4
8.9
9.6
14.8
22.7
34.2
11.0
52.6
35.9
23.8
15.7
12.0
13.0
17.7
26.0
35.9
32.9
34.7
40.7
22.3
40.4
58.6
18.6
41.6
14.0
43.1
24.0
8.6
42.8
34.2
26.8
24.7
26.8
24.9
17.7
14.1
15.3
20.8
28.6
4.7
17.8
32.5
35.9
5.1
15.5
19.9
50.6
34.1
22.2
15.2
53.6
33.7
17.0
4.4
42.1
35.9
36.5
38.2
4.7
40.2
4.8
24.0
46.2
9.8
35.2
8.0
39.5
22.2
9.5
45.9
38.3
35.3
17.8
3.4
39.2
32.8
29.3
30.9
18.2
8.7
46.2
43.6
5.3
11.8
20.4
33.3
38.4
40.6
7.6
16.7
29.2
34.3
7.2
30.0
56.8
29.2
7.0
39.7
24.7
16.3
9.9
8.0
11.2
8.4
37.0
12.5
45.8
29.7
17.6
11.2
7.4
8.5
3.4
39.0
31.4
28.5
29.1
35.5
27.2
22.1
12.3
45.0
31.6
23.9
19.6
20.6
24.3
15.1
9.6
8.8
13.0
20.3
29.2
41.5
40.5
32.4
58.2
71.0
17.6
35.3
57.3
19.2
45.6
16.7
47.2
28.2
13.0
4.2
41.7
37.5
39.2
42.0
24.2
38.9
57.2
16.4
39.0
6.3
33.8
10.7
44.5
29.1
18.7
12.0
50.8
31.9
15.8
4.3
41.8
36.7
35.2
37.8
38.1
32.3
30.8
21.6
46.4
58.6
8.0
25.7
48.4
10.9
37.1
9.1
37.9
15.6
49.5
38.1
29.8
25.5
26.8
12.2
4.1
40.8
3.8
24.5
47.7
12.9
41.1
14.7
45.6
29.0
16.5
9.2
4.5
44.5
16.4
39.8
9.8
38.2
19.1
4.0
39.5
31.1
25.3
25.3
27.3
33.5
41.9
37.8
40.4
5.7
12.9
14.5
12.7
15.9
23.0
21.9
17.2
16.2
8.9
43.1
25.4
53.5
34.6
18.0
5.2
44.1
37.4
36.7
38.4
6.0
43.2
38.2
36.9
40.4
47.1
39.0
33.3
34.2
39.8
11.4
24.2
10.6
6.9
12.6
20.4
31.0
34.0
64.5
9.5
19.3
31.4
47.9
64.8
21.2
44.5
10.3
38.5
15.4
49.7
32.6
20.3
12.7
8.0
9.1
13.1
3.5
41.3
37.5
38.6
5.9
14.7
17.9
16.8
19.6
25.8
35.4
12.9
26.6
34.7
9.9
34.8
7.9
39.6
22.5
8.1
33.3
6.5
38.1
21.0
54.2
20.7
48.0
24.8
8.6
42.5
31.4
24.3
20.9
19.2
13.5
41.1
15.0
45.5
28.2
15.6
9.6
5.5
7.4
11.0
17.7
26.7
36.7
16.4
32.2
35.9
5.7
16.6
29.0
20.9
4.4
39.3
30.0
24.9
23.9
26.7
33.2
6.9
19.6
10.4
34.9
46.5
58.3
4.1
20.9
40.2
60.9
24.3
49.2
20.7
53.1
35.6
22.4
12.9
7.9
6.4
49.5
35.9
26.4
20.7
19.5
22.5
29.2
38.5
15.7
29.2
37.1
12.0
37.4
10.6
42.3
24.5
9.7
43.6
36.4
33.2
34.5
31.4
57.7
31.5
10.5
43.3
32.0
24.5
20.7
22.2
26.1
33.3
6.7
3.7
5.2
10.0
17.9
28.2
15.4
48.8
32.0
20.0
12.7
9.4
10.1
15.0
22.2
6.5
37.0
20.3
7.7
47.0
41.4
41.1
32.5
21.7
3.7
33.5
15.2
47.5
33.9
23.8
17.8
16.5
19.8
26.9
27.1
14.4
47.6
31.5
19.8
12.2
9.5
51.2
35.3
23.6
15.8
12.0
13.2
17.0
24.3
18.5
17.3
20.7
27.3
36.8
14.3
21.0
5.4
41.1
31.4
25.9
24.7
27.3
7.0
34.3
12.2
45.1
30.3
22.0
16.2
14.5
17.1
23.0
31.1
41.5
26.1
45.1
52.1
44.2
39.9
40.1
43.4
48.9
55.4
66.7
8.0
22.5
39.5
59.5
20.0
44.8
14.7
42.8
23.9
8.1
43.3
33.6
29.2
28.7
32.8
39.6
40.2
37.1
38.3
5.5
7.2
4.1
5.7
10.9
10.5
5.5
3.5
4.8
11.0
20.5
23.9
15.6
39.6
4.4
33.7
9.1
39.6
22.8
9.5
47.9
41.3
38.6
10.3
20.3
32.9
49.2
66.7
24.9
47.9
14.4
41.4
18.3
52.2
35.8
23.3
5.0
24.6
45.5
7.5
32.5
30.2
31.3
12.3
44.8
30.8
21.6
16.6
15.6
17.4
22.8
23.7
53.3
9.3
16.7
26.8
40.0
57.0
9.1
30.6
53.5
19.6
47.5
23.6
6.1
40.2
29.0
21.6
16.8
18.1
11.7
46.1
38.8
35.4
36.3
3.4
4.8
35.3
3.4
10.6
19.0
29.8
44.7
62.5
18.5
42.0
7.8
36.6
12.3
45.1
27.8
15.1
8.2
3.6
4.4
9.3
15.8
25.0
10.6
43.7
26.9
14.5
7.5
37.8
6.1
10.8
17.5
26.7
37.8
9.7
12.6
19.3
28.0
3.8
18.2
22.0
28.4
27.0
22.0
21.8
25.2
31.9
41.4
37.2
27.3
50.2
60.5
4.5
23.9
42.9
4.5
28.1
53.9
24.8
5.0
37.5
24.0
14.7
8.5
6.9
10.9
48.6
19.9
48.4
28.4
13.1
4.8
42.1
37.5
39.1
5.2
12.3
14.1
11.3
43.5
28.9
20.1
13.8
12.1
15.6
21.0
28.5
10.9
16.4
31.1
24.6
48.3
20.1
47.8
64.9
25.5
47.8
18.4
46.1
23.5
6.5
41.0
32.1
25.1
23.4
26.4
32.7
40.6
25.1
5.5
38.3
26.3
18.8
15.0
16.7
21.5
28.1
28.4
5.7
37.9
22.7
11.9
48.1
25.4
8.4
41.2
18.3
34.4
53.2
9.1
32.7
55.8
26.7
54.8
35.6
19.4
8.3
46.8
39.3
37.8
40.6
8.3
17.2
13.1
3.7
26.6
37.5
48.8
65.5
19.0
40.0
61.4
29.4
56.8
34.9
17.9
4.9
40.4
32.4
29.2
30.1
35.4
6.7
45.1
3.6
46.0
23.4
39.2
57.3
13.7
38.1
3.6
32.0
7.7
40.9
24.0
11.2
4.6
44.0
43.1
6.5
12.8
21.1
16.8
17.5
19.8
26.2
27.0
4.6
36.7
21.5
13.3
7.6
6.4
9.9
15.8
24.3
36.5
6.0
8.6
14.3
21.9
33.8
3.4
36.0
19.9
8.1
45.6
40.5
38.5
11.9
26.4
39.7
55.2
8.7
29.7
52.1
18.7
45.7
22.8
5.8
39.7
28.2
21.0
17.7
8.3
33.1
48.0
45.8
44.5
45.8
51.3
58.6
70.0
12.1
30.6
47.9
8.6
31.3
58.3
30.6
9.0
40.9
26.4
17.5
10.5
39.4
57.2
63.4
4.1
17.6
35.5
53.5
15.2
37.9
8.4
36.7
15.4
47.1
31.8
22.6
15.8
14.6
18.0
23.6
31.0
8.0
21.2
30.6
15.7
7.0
44.2
40.3
41.2
6.9
46.0
19.1
36.9
58.7
21.0
47.4
18.6
47.5
27.2
49.0
15.4
42.4
19.0
52.4
36.6
25.3
17.5
14.3
16.1
21.1
29.0
30.1
18.5
39.2
47.0
59.7
26.8
22.7
41.3
63.6
26.3
54.6
26.6
7.6
39.6
24.2
14.3
7.8
6.6
9.2
14.7
22.4
33.0
19.1
39.1
46.8
58.6
70.3
82.2
82.0
5.8
12.9
23.9
38.1
51.8
3.4
24.4
48.1
14.2
43.0
17.1
48.0
31.7
19.9
11.7
6.7
8.5
13.8
20.9
30.4
6.1
12.8
46.0
72.8
14.3
28.9
45.9
4.2
26.0
50.8
21.1
49.1
30.2
14.3
48.9
39.3
34.5
32.4
35.1
5.2
14.7
54.0
22.6
45.9
10.9
39.2
11.6
44.2
24.7
10.7
3.5
43.2
42.4
5.1
43.3
35.9
32.9
33.8
38.2
9.5
23.3
36.3
19.0
6.5
5.5
43.2
39.9
41.0
47.6
28.8
5.0
38.4
22.2
10.1
46.8
41.1
40.6
5.6
12.5
23.1
27.4
7.6
40.8
29.2
21.5
17.0
18.1
51.3
18.4
47.4
24.1
6.7
39.9
28.0
20.4
16.2
17.4
21.2
27.7
36.8
5.0
36.0
18.6
41.5
12.8
40.9
21.8
4.6
36.5
29.4
21.5
16.1
48.7
34.2
26.2
19.6
17.9
21.6
28.0
20.8
16.9
18.3
3.7
41.2
68.3
19.0
38.3
59.1
23.1
48.2
20.9
52.9
34.5
20.3
10.5
5.1
7.1
5.5
42.4
34.0
29.5
19.9
4.9
40.0
11.4
40.3
21.0
6.2
43.6
36.1
31.8
33.3
38.4
8.6
19.6
23.7
52.9
72.7
7.6
19.5
35.1
53.1
9.9
33.6
57.8
28.1
3.5
37.1
20.2
7.2
45.5
38.3
37.9
39.9
5.1
14.0
17.2
49.0
31.9
18.1
8.7
45.9
42.6
3.7
40.4
11.5
40.5
22.2
7.7
45.4
36.4
32.0
33.6
37.4
37.4
31.0
29.8
32.2
21.0
14.4
53.2
20.6
43.6
8.2
36.5
10.9
41.6
25.3
13.3
6.0
43.9
31.6
56.6
13.2
25.5
41.6
59.7
17.7
40.3
7.1
33.8
9.9
43.0
26.8
14.9
7.0
27.4
5.3
10.5
17.8
19.4
17.1
11.2
45.7
26.7
40.7
57.6
10.4
32.1
57.0
27.2
4.1
38.6
23.7
57.7
14.4
14.3
17.5
24.3
32.9
43.4
55.0
6.0
25.2
47.7
11.5
36.4
9.3
40.6
23.6
9.5
45.5
38.9
36.5
37.4
4.5
41.8
16.0
47.4
30.1
18.5
11.5
7.0
9.2
13.7
52.3
25.1
5.9
37.9
23.6
15.3
8.6
6.2
9.2
14.4
21.6
6.0
26.1
48.6
11.4
38.7
11.6
43.1
25.1
10.0
48.1
38.8
35.4
37.2
12.1
35.1
47.3
62.5
17.7
41.1
6.5
34.9
9.5
40.2
23.2
11.8
5.1
43.8
43.5
6.7
13.6
16.0
45.6
26.9
12.3
3.4
40.8
36.1
37.5
40.9
4.1
32.0
48.2
6.5
28.4
52.2
22.6
51.0
31.6
15.6
3.4
39.7
34.5
33.6
36.1
27.8
21.3
19.9
22.6
29.3
28.5
23.5
22.2
25.1
31.8
40.1
35.9
37.6
12.1
10.5
21.4
33.0
24.1
7.2
31.1
42.9
59.1
11.0
30.2
52.9
19.1
47.5
24.9
7.7
41.2
30.4
23.0
19.2
20.5
24.8
31.3
5.0
44.7
3.5
8.5
7.5
35.2
54.3
61.1
68.2
8.3
20.9
36.1
53.1
10.8
33.9
58.3
28.5
46.9
41.4
24.7
48.0
19.4
47.0
27.6
11.1
45.3
37.8
30.9
29.7
32.4
37.9
8.7
19.9
33.4
42.1
27.1
18.5
12.6
10.7
13.7
20.6
25.9
35.7
32.5
34.1
38.9
9.8
13.6
45.1
26.5
11.0
48.0
40.3
37.9
29.3
15.1
6.2
44.4
43.7
18.0
41.4
12.1
40.4
19.3
51.8
37.6
29.2
23.4
21.4
24.2
29.9
37.6
12.3
51.7
33.8
20.5
11.7
5.0
44.7
6.6
13.1
20.5
21.9
53.9
35.0
20.4
12.1
5.5
3.8
7.1
13.2
7.2
3.4
4.5
9.9
16.9
26.3
29.3
59.4
20.9
44.7
15.4
43.0
20.3
4.1
37.0
28.4
22.1
20.6
23.8
30.3
12.1
41.1
21.4
5.7
40.8
31.3
26.0
26.0
29.1
20.8
15.2
13.9
17.3
23.5
31.5
6.4
20.4
21.9
9.0
44.9
37.8
34.4
35.5
13.7
3.5
33.0
50.6
12.9
36.3
7.6
35.1
16.0
48.2
32.8
23.7
17.8
15.9
19.4
16.6
9.7
7.1
8.0
12.9
20.4
31.3
35.2
16.6
49.8
36.7
26.6
22.8
22.8
17.3
7.9
46.0
42.9
4.7
11.3
20.3
32.9
39.2
39.8
8.3
17.7
20.8
51.4
33.6
20.1
10.2
5.3
5.0
7.7
14.0
23.4
37.3
42.9
43.4
18.2
30.5
28.5
29.8
33.0
39.0
47.4
57.3
70.1
21.9
42.2
3.5
27.0
52.9
26.9
8.8
41.9
27.7
17.9
13.5
12.8
16.4
22.5
23.1
52.3
32.7
17.9
8.6
45.4
41.0
42.2
8.8
16.0
17.8
15.7
8.9
32.7
3.5
31.4
12.3
45.1
29.9
21.3
14.6
12.7
16.0
13.8
42.5
18.7
52.0
34.7
20.0
13.0
9.1
11.9
16.7
16.5
43.1
6.4
27.5
49.8
15.2
43.1
16.7
47.7
30.6
18.7
11.3
6.9
9.1
14.0
20.5
29.3
40.9
40.2
3.5
14.9
30.3
6.8
40.2
24.1
12.2
3.9
42.5
23.8
7.6
42.1
32.5
28.5
27.8
31.4
22.9
16.1
14.4
7.9
41.7
33.1
6.0
37.2
20.3
6.6
42.2
34.6
20.0
39.4
46.5
38.8
34.2
33.9
37.2
42.0
49.4
60.6
71.9
12.6
29.3
48.6
9.6
32.9
58.4
31.0
12.1
44.3
29.9
20.2
15.4
15.1
18.1
23.8
33.2
37.0
18.7
3.4
38.1
28.7
23.1
22.4
25.7
32.8
42.0
39.4
41.9
46.4
37.1
31.9
30.3
33.1
3.8
14.1
26.6
33.1
17.2
4.9
42.3
37.9
19.1
21.2
37.9
28.2
23.5
15.6
39.4
3.6
32.0
6.2
36.9
20.0
7.1
45.3
39.5
36.8
9.4
33.4
33.3
31.4
12.7
45.4
28.0
18.5
13.4
11.8
14.8
21.9
31.3
8.2
14.9
47.6
33.4
24.4
18.7
11.5
35.8
59.1
30.4
5.5
36.3
19.5
6.7
45.2
38.7
37.8
39.5
47.0
38.5
33.9
35.2
40.2
9.5
4.3
3.4
7.4
13.9
22.7
35.9
15.1
23.7
10.7
46.7
38.9
35.6
36.1
21.9
12.2
6.6
4.5
7.8
14.4
15.3
11.3
12.5
18.1
11.2
5.6
37.4
58.0
21.1
48.8
21.8
3.9
35.2
18.0
9.1
23.4
42.9
5.0
11.4
49.6
22.1
3.8
36.8
23.5
14.6
9.0
8.5
11.4
18.2
56.2
31.0
11.4
43.9
31.9
23.8
19.1
20.4
24.0
6.2
34.1
14.9
46.7
31.3
10.1
37.7
15.1
47.3
32.5
23.9
7.9
39.9
22.7
9.3
45.6
37.8
23.2
42.9
50.0
62.1
4.4
23.2
40.5
62.0
23.7
50.9
23.1
52.7
32.4
17.4
9.4
3.7
42.9
5.0
10.1
47.9
9.3
24.7
45.5
8.8
35.5
9.0
40.8
22.7
8.3
45.6
38.1
34.0
35.2
39.1
8.7
20.3
32.7
39.3
4.7
13.3
23.8
35.6
27.6
11.7
46.5
35.9
30.4
29.0
32.1
38.9
12.7
25.3
31.6
15.2
36.7
40.2
34.5
33.0
36.1
5.4
16.2
28.9
27.9
21.8
10.9
27.5
42.1
40.9
7.2
15.2
17.2
15.8
19.7
24.9
32.2
42.7
30.2
52.4
14.6
40.5
11.8
40.5
21.3
52.8
16.8
45.1
21.3
3.8
37.4
25.9
9.1
27.4
46.1
5.8
30.0
56.8
28.7
9.2
42.0
27.0
18.5
12.2
10.6
13.7
19.4
27.1
12.8
32.2
37.9
45.2
56.5
69.3
19.9
37.6
59.9
22.4
49.5
21.7
53.9
34.9
19.6
56.4
28.5
5.9
38.7
12.7
27.6
43.4
60.5
15.6
39.4
4.2
33.6
8.1
39.2
22.3
9.9
3.4
41.9
41.2
4.5
11.6
21.1
25.4
6.4
37.8
20.9
44.6
58.8
59.3
63.4
69.8
4.9
16.9
32.6
50.7
8.8
30.4
54.3
24.0
52.3
33.7
17.8
5.9
44.1
38.6
37.6
40.2
10.0
20.9
25.6
26.8
60.3
26.9
54.2
4.5
23.6
44.4
8.1
33.7
7.5
39.3
21.5
7.3
43.7
37.2
34.7
34.5
8.9
21.3
37.2
52.6
57.0
45.1
12.8
98.7
74.4
52.2
31.6
14.3
3.7
86.2
75.2
70.7
66.9
68.0
68.9
75.1
7.4
19.2
28.1
43.2
60.3
17.7
39.3
7.4
34.6
10.7
44.1
28.6
17.1
10.1
6.7
7.4
31.4
29.5
6.7
13.4
20.2
27.0
33.8
40.5
47.3
54.1
60.9
67.6
6.2
29.9
51.8
18.8
46.2
24.3
7.6
41.3
29.6
22.1
7.9
27.3
35.1
46.6
58.7
8.3
26.2
48.1
10.9
36.7
9.3
38.2
18.8
3.9
41.1
32.5
28.4
29.3
33.6
33.7
27.9
27.3
30.3
35.8
6.7
17.7
30.4
12.4
22.9
29.8
39.0
42.1
41.7
7.4
15.8
52.2
14.8
36.5
60.2
28.7
56.5
33.0
15.2
48.0
37.0
28.8
24.2
25.5
29.1
35.6
44.6
39.7
30.5
15.8
7.6
46.1
42.5
4.0
8.5
15.8
26.4
23.5
25.1
29.9
37.6
13.5
27.0
42.3
6.9
6.8
44.5
41.0
41.4
9.3
10.4
39.2
19.6
4.6
42.0
33.7
29.5
31.1
35.1
4.6
15.0
19.9
50.5
33.4
9.8
36.8
10.7
41.4
24.7
12.0
4.8
43.4
42.9
6.0
10.3
17.6
20.6
53.2
35.8
21.3
11.9
6.2
5.3
8.5
15.0
23.9
27.4
57.8
18.6
41.0
11.4
38.5
15.4
47.1
32.5
24.6
18.5
17.0
20.4
26.0
34.8
11.3
50.5
31.4
17.2
8.6
46.0
41.7
3.7
9.2
16.8
27.9
15.4
48.6
32.1
20.3
13.0
9.7
10.6
16.2
14.5
43.2
60.8
63.7
53.7
46.7
40.7
38.1
38.3
41.0
46.2
54.6
66.8
10.8
30.0
48.3
10.2
32.3
58.6
30.4
11.3
43.6
28.4
20.2
14.1
13.7
17.0
23.1
30.7
7.1
21.7
13.9
47.8
35.7
27.7
25.1
26.4
31.9
39.5
6.9
6.6
9.6
15.7
24.8
37.1
25.3
9.8
43.8
35.0
28.5
25.3
8.6
42.6
20.8
37.0
40.1
45.4
52.7
64.1
5.7
20.4
37.6
57.1
17.6
41.5
12.1
41.0
22.3
5.9
40.5
30.7
25.0
24.1
27.3
33.2
34.0
11.2
43.5
28.5
19.7
10.4
6.0
9.8
16.1
25.1
36.3
40.5
20.9
5.6
42.6
34.3
30.6
30.6
5.8
19.6
32.8
47.4
49.2
53.7
60.4
73.0
14.7
30.4
47.8
9.0
31.9
59.2
31.7
9.9
42.3
27.9
19.7
14.4
14.0
16.8
21.5
29.2
4.8
18.1
26.9
11.4
14.0
40.6
36.5
39.2
5.6
12.2
22.7
34.0
41.9
15.1
40.1
11.3
40.6
21.0
6.1
44.2
35.6
31.5
32.6
36.7
18.6
46.7
26.1
8.5
42.6
34.3
27.6
26.8
28.4
25.4
18.0
14.4
15.3
10.8
38.1
11.9
43.7
27.5
15.9
9.2
6.0
7.2
10.8
18.2
27.8
31.2
13.0
45.4
31.6
22.3
16.0
14.8
47.4
33.8
23.2
17.7
16.9
20.0
26.4
35.7
13.7
27.9
4.8
39.3
21.7
49.5
30.1
12.8
47.1
39.0
32.5
32.2
34.5
3.5
12.2
15.6
6.5
39.0
26.0
16.8
54.2
18.7
38.9
46.6
58.2
66.3
15.6
33.5
55.4
18.2
44.6
16.7
48.6
29.5
15.0
7.6
45.2
40.9
42.3
28.7
20.4
13.8
10.7
42.6
64.8
78.8
75.5
77.5
78.3
8.1
16.6
29.8
42.8
57.8
11.1
31.8
53.9
20.7
48.4
25.1
7.4
41.3
29.8
22.6
19.0
20.9
25.9
34.7
45.7
33.6
16.3
50.2
38.8
31.3
28.0
29.0
34.2
5.1
44.0
3.6
47.0
36.8
18.4
46.2
64.5
69.2
4.7
18.7
32.3
49.5
5.5
29.9
52.9
23.8
52.4
33.6
17.0
3.7
42.3
35.8
35.8
37.8
5.6
14.5
18.1
16.7
49.5
34.9
25.6
20.6
20.3
23.8
30.4
3.4
16.5
31.1
15.7
22.1
4.7
33.5
14.8
47.5
33.9
3.9
32.0
13.6
46.9
34.2
25.1
19.8
19.1
21.9
58.7
29.7
57.9
13.4
36.9
60.3
31.3
6.0
39.1
21.1
54.0
8.8
23.3
39.7
58.6
18.8
42.7
12.8
41.2
20.3
3.5
38.0
29.9
23.9
24.2
27.6
34.8
9.1
49.7
31.1
15.3
3.4
40.8
35.3
34.4
37.5
6.8
17.0
29.4
36.2
20.0
8.0
44.9
39.9
38.1
22.1
10.4
46.9
42.1
41.0
6.2
14.1
9.4
8.7
11.9
12.3
5.7
3.9
7.1
13.6
12.7
42.0
59.5
17.5
40.1
6.7
33.9
9.9
43.1
26.8
15.2
8.1
37.7
55.5
60.9
50.5
45.1
42.4
42.6
45.1
50.3
58.7
69.5
10.7
26.2
43.8
63.5
23.3
47.5
16.8
45.1
26.2
10.4
45.3
35.3
29.3
27.5
30.6
37.1
46.8
43.2
5.5
48.5
30.8
45.7
62.8
20.8
42.8
9.5
36.1
12.3
45.7
29.7
18.0
10.3
6.9
7.6
12.8
20.5
31.8
43.3
33.6
17.7
6.0
43.1
36.8
35.7
38.7
45.1
26.9
4.4
36.8
21.9
13.6
50.3
13.7
34.8
57.5
23.1
50.6
24.6
6.4
39.4
27.6
20.1
12.8
13.9
17.7
24.3
25.0
54.6
34.8
19.6
11.0
4.9
43.8
44.1
18.3
31.7
47.3
63.8
19.3
42.3
6.5
35.3
8.9
39.5
22.2
9.8
4.4
41.0
39.6
41.5
3.7
41.5
19.6
3.4
37.5
25.2
17.5
12.0
12.8
18.3
55.6
18.0
36.0
56.8
18.9
45.4
17.9
49.6
31.6
15.7
8.3
45.2
29.3
50.3
58.0
69.6
12.2
30.6
48.6
9.9
30.8
57.5
28.6
6.7
39.8
22.4
13.1
6.4
4.9
8.1
13.5
20.3
30.5
7.5
8.8
13.6
12.6
8.5
7.4
11.7
19.0
27.5
37.9
35.4
7.3
31.6
57.0
30.1
11.4
43.9
29.8
20.2
14.3
13.3
17.2
23.6
32.5
10.0
8.8
12.5
19.2
28.5
32.0
31.0
34.5
3.8
15.0
27.7
19.1
51.5
37.2
28.4
23.3
23.6
27.0
33.5
7.8
12.8
14.4
19.1
25.6
36.1
38.0
5.5
12.4
22.2
35.6
48.7
61.5
15.8
39.1
3.4
31.8
7.1
37.8
20.9
8.1
46.5
39.9
39.5
3.4
11.5
18.3
28.7
33.3
6.4
28.9
55.9
27.0
4.3
36.0
21.0
12.7
6.0
45.7
13.9
20.9
30.8
43.5
60.5
13.5
35.0
57.5
24.7
52.5
28.9
11.1
44.3
33.4
25.6
21.3
22.4
26.2
32.6
6.4
19.6
34.2
26.8
52.1
64.0
11.1
28.1
49.4
11.2
36.7
8.8
38.0
18.6
4.3
42.1
33.7
27.4
27.6
31.0
13.3
41.9
23.0
6.2
40.5
31.6
24.7
23.9
26.4
31.6
4.1
17.8
23.2
24.0
28.8
28.5
24.0
23.2
17.0
5.4
42.6
37.3
35.9
20.0
7.7
44.3
39.2
38.4
26.2
10.1
20.0
23.6
13.6
36.1
59.5
29.1
5.7
39.5
23.7
12.5
5.6
44.1
43.0
8.2
16.0
17.5
47.0
4.9
27.4
51.9
21.6
49.8
30.9
14.5
49.3
39.5
33.9
32.6
35.7
6.2
15.7
20.4
22.3
26.1
8.3
36.5
16.8
49.2
34.3
26.0
19.2
6.5
38.6
23.6
14.9
9.3
8.2
11.0
16.9
14.3
43.4
60.4
18.5
40.2
7.4
34.4
11.0
44.3
29.0
17.3
10.0
6.7
7.1
49.9
41.0
34.1
33.1
35.9
4.6
13.6
25.7
13.6
45.4
30.1
21.6
15.0
13.9
17.4
23.0
31.1
42.2
28.6
50.1
13.1
39.4
11.6
41.0
21.1
6.5
43.3
35.1
31.1
32.2
3.9
29.3
56.6
33.4
16.3
49.3
37.8
29.1
24.6
25.9
31.0
38.1
10.9
50.1
29.6
13.8
23.3
40.8
35.2
34.3
36.9
16.9
44.6
22.7
6.0
40.1
31.3
24.2
23.1
26.2
32.0
39.4
7.0
7.2
9.8
16.2
16.8
13.2
14.5
18.5
25.0
8.4
26.5
48.8
11.8
38.1
11.2
42.5
24.1
9.3
48.1
39.3
34.2
14.5
47.4
22.9
35.6
50.5
4.3
25.7
47.9
14.4
42.0
15.8
48.8
33.3
21.8
15.2
12.1
14.0
19.6
19.8
50.0
27.9
10.8
45.8
37.5
28.1
57.6
4.1
90.1
81.3
54.5
5.8
88.4
46.6
11.2
97.6
66.8
39.3
13.6
96.4
74.8
59.7
47.2
35.3
26.8
21.2
18.9
19.5
23.0
29.1
37.7
47.5
59.7
11.1
30.1
51.0
14.5
40.2
13.2
45.1
27.6
13.3
3.5
41.9
38.7
39.8
6.8
15.4
27.6
33.1
24.2
10.1
35.7
8.2
33.4
17.0
23.0
39.2
31.5
28.0
28.5
33.5
4.9
17.8
23.3
6.7
40.1
28.3
20.8
17.7
18.4
23.3
31.3
7.9
13.2
13.5
18.4
26.5
28.0
26.9
29.5
35.0
5.7
17.2
4.4
24.9
46.4
12.0
39.7
15.9
49.6
32.6
20.4
12.9
50.8
31.5
13.7
47.7
38.9
32.3
31.1
33.2
38.9
10.1
13.2
43.7
25.5
11.9
47.2
39.7
37.5
38.5
6.9
15.6
53.6
34.0
16.7
48.2
40.6
34.2
33.0
36.0
34.5
7.6
38.9
21.1
7.1
44.1
35.7
32.7
34.9
39.3
45.4
37.7
34.8
36.4
3.7
12.8
16.1
48.3
30.8
16.6
6.4
43.6
21.3
5.1
39.8
31.3
24.4
22.5
25.0
30.4
37.4
12.4
52.5
33.1
18.8
10.4
3.9
43.6
34.0
56.6
9.2
23.4
41.8
59.4
20.4
43.8
14.7
42.7
23.3
6.7
41.0
32.2
25.3
23.8
26.4
33.1
25.1
52.8
31.5
3.5
18.1
18.0
16.6
17.7
22.0
30.7
41.2
52.6
68.7
19.0
40.0
37.4
30.1
56.9
30.5
10.1
42.9
31.4
23.7
20.5
22.4
55.8
10.7
25.1
41.0
58.7
20.0
42.5
13.4
40.4
18.4
51.0
37.1
29.6
23.3
21.3
24.0
29.3
28.8
24.1
22.6
15.8
5.8
43.8
38.5
37.7
21.6
9.4
46.2
41.3
39.7
13.4
27.2
40.1
55.1
8.6
30.7
52.9
19.4
46.7
24.4
55.5
3.7
87.0
81.9
79.1
77.6
79.9
10.0
20.7
35.5
51.6
3.5
24.5
47.4
13.3
41.6
17.0
49.5
32.3
19.3
11.9
7.5
9.0
13.3
19.2
27.7
39.2
27.5
48.0
11.5
38.1
11.7
44.7
26.7
11.7
5.4
30.7
7.3
40.5
24.3
12.9
5.5
44.0
42.9
7.8
14.8
9.5
8.6
12.9
19.7
28.8
31.2
61.2
22.2
45.5
16.4
43.6
20.9
4.2
39.3
30.7
23.9
22.6
23.9
29.4
36.8
39.0
39.3
3.6
48.4
30.2
47.9
3.9
26.1
49.4
20.3
48.0
28.8
11.4
45.5
36.6
29.4
27.9
29.5
26.5
18.5
45.6
21.0
46.4
33.4
21.6
12.1
6.0
6.0
11.3
44.3
7.0
6.3
10.8
17.5
23.8
33.7
43.2
53.2
7.2
20.3
39.2
4.9
30.5
12.0
43.7
22.2
11.4
5.6
4.2
7.2
13.1
21.7
34.5
6.0
38.3
4.3
32.9
6.9
37.6
17.5
40.5
52.8
50.7
50.5
52.5
57.5
65.3
6.9
21.7
39.8
58.2
18.2
41.7
10.9
39.8
20.7
4.7
39.4
30.8
24.8
12.5
45.1
29.9
21.1
14.2
13.5
51.0
33.0
19.4
9.3
6.9
50.2
36.3
27.8
8.3
20.8
41.5
57.4
61.5
57.1
36.8
124.1
83.3
16.2
98.3
33.3
115.5
56.5
138.9
85.6
39.0
125.7
86.0
51.1
20.7
105.3
70.3
41.1
18.7
102.0
83.4
66.9
53.0
42.6
36.6
34.2
34.7
37.9
44.2
52.4
61.6
5.8
25.1
44.3
4.5
28.3
53.8
26.3
7.3
40.6
26.7
13.0
45.5
39.1
25.5
51.2
63.2
8.6
25.8
45.3
6.0
29.7
55.0
25.1
48.8
30.6
13.7
4.7
42.1
6.2
7.9
12.8
24.2
33.7
41.9
38.7
16.3
94.9
55.5
20.8
101.9
72.0
47.7
28.1
11.9
95.9
87.7
78.4
71.6
67.7
68.3
71.4
75.8
9.6
21.3
24.5
34.3
51.0
12.0
31.2
41.6
53.0
61.8
11.7
28.9
48.5
11.6
37.5
13.7
46.3
22.7
56.1
26.6
11.5
37.1
20.6
44.4
57.0
8.0
26.3
49.1
12.5
38.2
10.5
41.6
23.6
9.3
46.5
34.8
25.2
26.9
16.2
5.1
42.5
38.8
38.6
25.3
15.8
10.1
8.8
11.5
3.4
40.9
36.0
25.2
46.9
14.0
38.6
8.4
42.9
24.8
52.0
7.3
25.4
42.0
62.5
23.8
45.8
10.7
23.6
23.7
28.1
34.7
43.5
53.5
63.2
17.8
38.1
53.9
20.5
45.1
20.1
51.5
36.0
23.4
46.5
23.8
7.1
41.1
29.7
22.5
19.0
9.8
33.9
47.8
45.9
23.6
102.1
85.6
69.9
58.2
53.3
47.5
42.3
41.5
39.1
21.4
16.0
10.5
6.6
94.1
74.9
58.3
47.7
40.4
33.7
30.1
29.6
31.8
36.7
43.1
55.6
68.9
15.3
32.6
54.9
16.8
43.6
15.8
44.8
24.7
9.1
45.4
34.0
28.8
30.0
34.1
10.5
13.5
52.4
19.7
42.6
7.5
35.7
10.0
40.7
23.3
10.9
4.3
42.8
41.9
6.0
12.9
21.5
32.4
11.6
27.9
25.1
15.8
10.2
8.8
11.9
18.1
27.0
4.1
18.9
34.9
38.8
21.1
37.1
54.8
11.7
33.6
57.4
26.9
39.4
37.0
20.8
8.7
45.3
39.4
37.6
40.2
10.3
12.0
43.2
24.8
10.1
47.0
39.3
35.5
37.4
4.0
11.8
13.3
9.8
11.2
8.1
36.5
12.6
45.3
27.8
15.5
8.5
4.5
6.1
39.4
27.7
20.6
17.5
18.7
50.7
39.2
31.3
27.6
29.4
33.2
15.5
43.6
23.7
6.8
40.4
31.8
25.2
23.2
25.8
32.3
24.5
19.9
20.4
24.5
25.5
9.0
40.0
22.2
8.7
45.8
39.2
37.5
39.0
7.1
15.5
27.8
7.5
23.6
19.1
10.9
10.9
26.5
7.7
35.3
22.7
49.8
65.6
15.4
31.3
51.0
14.6
36.5
10.5
40.9
23.8
11.6
43.8
32.2
29.7
31.9
38.0
38.6
16.0
44.8
12.6
38.9
11.1
27.3
44.5
8.3
26.1
51.1
19.0
47.1
18.2
24.3
14.0
4.0
81.8
77.2
56.2
15.2
96.5
62.9
35.5
14.6
99.5
74.8
53.8
38.9
28.9
21.8
19.6
16.3
20.2
23.1
28.1
38.4
50.8
62.6
11.7
31.8
52.1
62.9
71.4
9.9
23.1
37.7
57.3
14.7
38.0
10.1
41.6
22.5
5.6
28.6
48.9
17.0
46.5
30.7
17.5
