60.8
18.2
11.1
23.0
64.2
11.8
119.4
101.7
41.7
134.6
87.1
76.6
71.4
18.4
146.1
86.9
69.0
35.8
110.7
33.9
172.6
110.8
37.7
49.8
156.0
63.9
12.7
130.5
116.6
68.6
163.9
117.5
93.4
51.0
101.1
58.2
36.9
120.7
54.0
152.8
127.9
57.4
134.9
3.8
58.0
90.9
153.9
71.1
19.5
107.8
36.1
127.8
40.5
56.1
78.6
169.3
57.4
138.4
31.5
44.5
136.8
57.3
170.7
116.3
154.8
29.2
82.8
156.6
41.1
147.3
102.5
173.8
57.7
177.3
159.7
134.0
138.6
130.0
107.4
64.8
42.6
178.4
176.9
161.2
100.3
69.7
75.8
65.2
5.3
143.9
104.7
21.0
149.3
121.6
101.9
48.9
151.9
99.6
35.0
176.2
148.6
92.9
63.6
162.6
141.0
118.6
79.2
155.1
55.5
165.9
90.5
111.0
178.9
151.1
80.2
44.5
136.1
95.7
179.8
108.3
78.0
43.1
171.8
134.5
66.7
25.2
133.2
49.5
14.0
3.8
126.7
46.0
154.3
80.5
34.4
119.0
148.6
108.9
73.0
41.3
6.9
175.3
173.3
147.2
143.1
133.8
112.7
47.8
158.6
107.0
33.9
82.8
110.9
94.4
33.0
111.3
21.2
93.3
94.3
46.6
60.4
46.7
175.8
139.3
121.3
80.2
21.5
153.6
160.5
123.2
72.7
34.3
32.1
12.1
105.4
7.8
83.8
164.3
99.2
53.0
41.1
161.0
103.9
39.0
148.2
126.8
138.5
154.6
150.4
101.4
53.1
166.3
88.5
58.4
26.2
11.7
149.8
115.3
76.8
24.7
14.3
3.8
172.3
84.8
59.3
11.0
141.7
96.7
21.0
5.8
158.2
130.4
38.5
10.2
3.3
117.6
60.5
64.9
13.3
133.4
98.9
51.8
16.7
122.6
82.2
84.1
67.0
17.9
18.2
17.5
25.3
8.6
160.4
100.8
84.1
77.7
42.1
88.4
176.4
113.1
70.0
45.4
140.2
41.2
126.1
37.3
144.4
89.6
26.7
135.8
78.9
74.0
179.0
80.7
176.9
74.1
166.5
74.7
177.9
96.5
69.2
18.1
115.1
57.0
23.1
146.6
97.1
179.4
95.4
163.1
135.8
111.7
83.8
47.8
146.9
106.8
85.8
25.4
133.1
36.0
171.0
166.4
119.3
104.9
72.8
24.8
165.2
136.6
151.2
134.7
124.8
93.0
160.5
94.5
54.5
155.1
40.7
144.8
143.2
169.7
73.0
149.9
25.6
18.8
142.8
124.1
141.7
169.1
123.7
94.3
105.4
33.8
44.1
38.3
165.4
131.0
98.2
25.4
161.0
162.8
114.9
81.6
37.7
106.8
87.3
12.7
134.7
75.3
45.4
24.2
41.2
15.1
130.5
107.8
66.3
47.0
22.9
114.4
16.7
25.2
14.8
60.5
31.1
52.1
155.8
149.1
137.7
96.9
122.5
132.3
109.4
155.0
167.0
6.1
41.8
68.8
88.6
103.8
124.9
126.1
150.5
7.9
11.4
41.5
23.4
131.9
130.5
137.0
128.0
109.5
118.4
124.6
143.2
141.8
128.6
135.5
93.2
89.2
96.7
131.5
92.4
131.3
132.6
120.2
101.0
56.3
17.1
168.8
163.1
123.2
98.1
60.4
45.4
59.1
41.9
32.1
77.1
57.5
11.9
165.0
99.7
40.8
181.1
90.6
86.6
91.0
54.9
138.6
45.5
160.2
90.8
30.8
158.0
106.6
32.4
22.8
6.8
110.7
45.2
33.4
153.1
151.1
107.7
76.1
58.2
170.3
163.3
105.2
78.3
76.8
51.2
7.7
121.9
74.1
12.4
118.7
66.4
11.3
148.7
99.7
62.2
32.1
145.5
98.8
26.5
119.8
78.3
20.4
157.7
129.7
103.9
101.7
61.0
38.5
21.9
10.0
170.3
136.1
115.1
79.1
45.9
173.7
171.2
26.1
67.8
95.8
107.7
125.1
20.5
98.9
13.4
163.4
30.8
94.5
20.2
34.7
43.2
60.9
97.8
129.5
47.0
80.8
63.7
31.0
161.2
30.3
4.0
169.2
24.3
75.5
41.8
163.6
124.4
83.0
49.4
4.3
110.8
89.1
47.2
16.8
12.9
155.0
94.3
38.3
167.7
10.9
3.4
34.5
5.0
83.5
40.0
41.5
6.2
123.4
80.3
21.3
177.1
5.1
113.8
134.5
77.0
33.7
16.7
169.3
85.1
53.3
54.7
53.3
147.8
132.3
49.9
78.1
129.6
19.6
135.5
163.9
19.7
129.0
6.1
71.0
172.0
131.2
90.0
83.8
77.7
70.4
136.7
25.6
35.4
45.9
155.2
59.9
48.5
76.9
139.0
38.3
121.2
22.5
63.7
82.4
140.7
80.1
32.1
147.6
40.7
96.1
150.1
170.2
13.3
32.0
96.0
155.3
71.5
119.8
13.5
74.3
147.8
76.8
114.2
20.0
70.0
153.1
72.9
136.9
50.6
104.1
119.2
125.9
173.6
40.9
64.9
136.9
40.6
67.0
79.7
145.4
12.0
53.1
84.5
23.3
123.4
44.5
121.2
67.0
160.8
66.2
117.7
38.6
136.6
35.5
83.6
40.9
44.6
82.8
180.1
141.9
18.7
99.6
37.8
98.7
108.8
137.7
66.5
174.6
44.4
116.2
50.1
154.7
152.6
148.2
171.9
64.0
140.8
12.3
157.3
139.1
113.1
74.4
57.8
142.0
65.4
129.3
59.6
136.6
103.1
165.4
163.0
179.2
15.2
26.4
6.3
21.9
137.0
48.4
180.6
9.7
27.9
46.9
21.6
171.6
71.1
93.2
74.9
88.1
64.2
157.1
78.9
103.7
106.0
74.7
107.3
53.1
138.9
95.8
50.0
77.2
95.8
49.4
35.5
14.0
173.0
10.2
15.4
105.5
154.2
169.9
9.2
22.2
33.4
56.6
79.6
104.7
126.0
119.9
111.1
119.2
25.7
47.0
71.2
93.0
114.0
122.5
95.3
70.3
91.0
118.1
139.8
125.4
102.2
121.2
145.5
152.9
172.7
152.8
75.7
133.7
91.2
94.4
118.8
94.2
78.4
180.4
137.6
156.4
178.9
18.7
43.1
65.0
85.7
107.0
126.4
146.5
169.6
9.0
169.1
140.1
131.3
119.9
106.3
61.8
68.4
64.5
69.7
63.9
81.4
169.6
54.9
175.3
118.0
122.6
145.9
128.8
100.1
93.3
71.4
10.8
24.1
44.6
64.4
85.7
103.5
124.3
144.5
133.9
93.5
90.1
63.4
67.8
89.4
104.0
107.7
129.3
150.6
172.5
10.3
32.6
54.0
10.6
84.0
176.2
83.9
76.3
43.9
39.9
20.8
4.6
25.5
47.2
68.5
88.3
106.7
106.7
110.3
101.3
125.4
149.5
170.0
132.3
72.7
156.2
136.4
17.3
88.3
47.0
70.1
93.9
51.5
7.9
178.0
91.9
120.2
142.5
114.9
118.8
124.4
105.5
113.9
9.8
21.1
43.3
63.9
84.7
107.2
127.6
147.6
171.4
9.0
159.1
96.9
17.5
99.9
108.6
123.9
110.2
96.5
93.6
111.0
107.4
59.9
77.1
92.2
108.8
134.8
147.4
152.2
170.0
10.3
28.5
52.4
72.5
93.3
113.5
138.7
157.6
168.2
8.6
32.3
52.3
67.0
90.3
110.1
129.9
53.0
52.6
121.9
10.7
121.4
152.4
167.3
8.0
22.1
139.2
161.4
145.7
18.7
10.9
25.4
34.5
49.4
46.7
21.6
23.4
45.9
63.0
27.5
16.4
36.3
48.1
70.4
91.8
108.3
95.1
85.5
106.9
97.0
68.4
68.9
58.2
77.4
91.7
106.7
105.6
60.1
71.3
38.2
122.5
54.5
161.4
179.8
98.5
110.6
117.2
111.9
89.6
112.1
131.3
152.6
167.0
5.7
16.8
3.5
12.9
19.6
39.3
60.8
70.2
91.6
115.7
133.7
155.5
177.9
158.6
180.9
170.1
121.7
127.6
128.8
27.0
25.4
43.8
61.7
7.0
101.2
70.5
74.5
84.7
114.0
6.0
45.1
148.1
51.1
179.4
81.6
116.0
102.4
108.5
81.2
20.1
31.8
62.5
23.2
145.8
130.8
146.8
159.9
82.1
175.1
11.2
13.7
13.1
124.4
116.8
147.3
170.1
174.4
163.3
179.8
5.2
16.8
118.8
86.5
54.0
70.2
173.4
57.6
72.7
88.0
32.9
31.7
47.8
57.2
73.1
94.7
117.0
136.9
148.9
169.9
178.2
15.5
167.9
10.3
31.7
30.4
36.6
57.9
74.2
95.3
110.2
107.9
130.5
152.7
172.6
154.4
132.2
152.9
171.2
13.6
133.9
30.6
181.3
139.7
157.0
157.5
168.2
170.9
9.7
31.5
51.1
65.4
85.9
107.9
107.0
95.1
85.6
152.7
152.1
126.9
101.5
180.6
149.3
133.8
156.2
176.9
108.6
107.4
131.0
147.1
47.9
65.5
80.4
102.9
127.2
149.8
170.4
170.6
94.2
64.0
61.9
73.8
93.6
116.6
136.1
117.3
120.1
133.7
154.6
176.0
10.6
144.7
138.6
112.5
135.0
155.7
165.0
6.1
21.2
170.8
11.5
33.8
53.4
60.8
74.9
97.0
119.2
125.3
90.6
148.7
47.2
64.5
89.3
115.8
136.7
141.2
164.3
177.9
18.7
36.0
48.8
56.7
148.9
163.0
4.6
26.8
50.6
68.9
82.5
105.0
127.3
137.4
149.9
174.4
11.4
37.4
58.3
52.8
20.6
16.9
37.2
53.9
72.4
96.0
105.2
112.3
84.8
95.7
113.6
104.1
88.9
109.2
127.4
127.5
104.0
126.7
144.4
168.2
154.8
104.2
122.4
146.0
151.7
174.3
18.7
37.7
57.6
35.3
93.1
166.5
40.9
64.1
86.6
105.8
43.7
31.9
174.8
10.8
11.1
72.7
82.2
89.4
110.2
132.0
144.7
30.9
48.7
17.6
27.6
144.6
165.4
8.0
24.1
42.3
63.4
86.4
108.1
130.1
139.3
156.2
155.6
168.2
4.1
27.1
46.4
67.9
92.2
111.6
136.4
161.7
181.3
168.8
9.7
29.5
54.0
76.1
97.9
120.9
138.8
145.3
110.0
132.3
132.8
143.8
161.7
180.7
177.8
174.7
12.6
23.3
43.3
64.8
76.5
14.3
34.2
36.3
60.7
83.7
106.6
128.5
151.4
174.2
169.3
161.2
179.0
4.1
22.6
34.4
169.4
170.7
10.3
26.6
47.6
69.2
39.4
42.1
63.1
55.8
69.7
90.5
111.4
71.4
59.7
78.5
26.1
32.8
52.0
70.3
55.7
51.2
72.8
88.6
44.2
71.5
87.7
109.1
99.5
74.9
58.2
56.3
75.4
97.3
111.1
131.8
153.1
176.0
180.2
69.4
130.1
123.3
147.7
166.6
129.1
143.5
140.8
163.0
180.6
17.1
25.4
31.6
97.4
31.2
29.9
49.4
72.5
96.1
121.2
133.6
131.3
152.7
175.2
20.8
18.7
38.4
57.9
75.3
79.1
41.4
55.2
64.9
67.1
78.4
100.0
113.7
130.4
152.7
170.2
8.0
26.6
20.1
45.3
26.9
147.0
166.4
5.2
36.1
50.7
69.9
94.7
90.0
173.1
111.8
148.3
168.5
174.1
96.4
45.3
5.3
113.4
103.6
48.1
58.3
78.8
98.8
118.9
142.9
167.7
9.2
32.9
177.9
143.0
131.6
93.8
100.9
46.9
166.7
42.0
64.4
83.3
101.2
119.5
137.7
158.5
164.0
164.4
168.1
12.0
32.6
48.0
64.4
8.5
28.1
6.9
31.9
45.7
143.9
34.2
129.9
170.6
83.4
91.7
50.7
139.6
40.0
138.1
30.0
85.3
141.0
11.9
116.4
29.0
148.0
14.8
122.5
26.1
20.4
96.6
143.4
181.4
82.7
129.4
12.0
83.6
156.2
168.6
30.7
179.3
21.1
41.9
20.8
7.5
164.4
180.3
21.4
42.2
62.0
86.3
17.5
34.0
22.4
40.1
63.4
78.3
53.5
72.5
93.6
98.3
121.0
140.7
159.8
181.2
153.7
172.7
9.2
19.5
42.5
64.0
86.5
109.1
117.7
110.4
41.8
30.8
48.3
69.3
89.0
109.3
129.7
151.8
157.1
179.2
20.5
38.1
26.3
42.3
43.7
40.5
57.6
80.8
94.2
114.8
137.2
113.0
133.8
155.1
172.0
164.3
60.1
85.4
110.3
119.6
134.0
157.1
47.6
29.4
41.2
55.2
77.9
98.5
117.6
65.9
165.2
178.4
16.4
175.0
64.2
56.6
79.3
99.9
113.9
129.4
152.9
174.8
16.9
33.1
53.5
58.2
46.6
62.7
47.3
44.0
68.4
82.7
37.3
41.3
14.7
21.5
23.0
178.1
163.9
114.2
45.8
180.9
8.0
32.9
49.0
72.0
89.2
68.1
88.5
107.0
126.2
141.3
107.4
129.1
129.6
52.7
137.1
85.2
174.2
77.8
75.0
69.4
58.1
51.9
66.9
90.6
71.8
54.0
143.5
81.0
103.0
105.7
61.1
73.7
146.9
142.1
154.5
80.5
64.7
80.7
71.6
87.9
84.7
157.0
152.4
120.4
72.1
82.7
130.8
118.4
100.2
78.3
94.8
19.1
15.3
28.7
3.5
19.1
39.6
45.3
67.6
90.1
107.6
125.2
99.6
161.3
51.0
34.3
55.3
62.9
80.7
102.3
122.5
137.9
122.1
132.0
102.6
22.9
38.1
59.2
82.3
107.8
131.9
56.7
158.4
122.7
36.0
4.4
95.8
92.1
112.9
106.9
128.7
149.7
136.0
78.1
98.1
115.1
117.1
111.9
134.6
157.8
181.2
22.8
38.0
50.7
156.7
4.1
23.2
45.7
68.4
89.9
98.9
107.1
94.0
84.3
95.4
116.5
134.3
152.1
175.6
103.9
86.4
107.3
105.4
105.8
118.3
137.2
157.3
90.9
88.8
111.0
16.2
150.9
125.9
12.8
80.9
69.7
12.3
93.1
106.0
128.9
110.4
170.8
106.2
131.0
144.7
150.2
105.8
168.4
3.5
23.8
47.4
35.5
55.2
58.6
83.0
105.0
112.9
126.0
111.8
133.3
155.1
175.6
165.1
178.8
20.9
30.7
164.1
4.1
22.3
30.7
23.8
44.2
68.0
88.1
106.3
125.8
146.3
157.3
171.4
20.1
40.4
59.7
82.8
97.5
119.7
139.2
158.0
181.1
23.3
45.8
52.5
61.5
63.0
82.2
104.5
71.2
94.6
115.2
137.3
161.5
31.6
21.5
43.6
66.6
87.0
108.0
127.6
141.6
156.0
148.6
166.9
9.8
6.3
27.0
48.6
69.7
87.2
5.2
93.9
148.8
148.0
103.2
122.4
131.1
155.4
178.8
18.1
39.0
51.8
67.8
89.0
111.6
131.9
110.2
94.6
116.5
116.7
135.4
153.7
175.3
16.6
38.0
127.2
11.1
52.6
120.3
72.7
139.4
122.4
61.4
179.7
46.2
171.8
75.5
75.0
173.6
177.0
142.1
158.6
179.2
9.8
70.4
40.6
55.3
154.0
154.5
76.8
17.3
37.8
55.2
162.5
44.2
31.5
39.2
125.4
109.2
129.6
102.9
170.0
17.2
43.6
65.6
84.5
104.4
125.2
146.0
163.4
3.5
99.4
33.8
32.3
155.7
160.5
130.2
126.1
148.6
164.7
6.9
26.7
46.2
64.9
76.8
94.4
114.0
122.7
125.9
144.7
165.3
3.5
88.4
13.8
93.8
98.7
119.2
138.9
156.9
178.3
15.9
31.1
23.9
36.8
11.5
23.1
44.5
68.2
16.5
39.5
19.6
57.7
95.9
134.1
172.2
167.7
22.9
16.8
45.3
159.7
3.6
26.9
56.6
82.4
108.5
142.3
172.4
14.0
37.3
30.4
170.2
52.2
55.0
80.8
88.0
112.9
29.5
56.8
83.9
108.7
136.2
160.6
7.1
33.3
59.2
85.3
102.2
55.7
114.9
101.8
131.8
28.0
82.0
156.5
179.2
166.0
104.7
67.4
57.5
53.0
62.6
95.9
102.6
108.6
128.2
153.1
169.4
118.7
117.4
140.7
107.6
32.5
85.5
51.2
77.7
93.4
111.2
135.1
163.0
162.3
10.0
35.2
16.2
41.0
23.1
162.8
177.0
116.1
80.3
167.9
149.6
176.4
20.7
48.8
72.8
89.2
104.2
76.0
102.8
130.8
85.8
23.2
79.0
45.7
71.9
95.6
119.6
146.8
174.2
25.5
144.5
139.0
68.7
16.3
47.6
74.8
99.5
129.4
152.6
178.6
119.2
149.1
177.8
24.9
52.8
75.0
76.4
131.7
79.3
106.7
113.0
81.1
36.2
4.7
145.1
119.7
146.6
130.9
133.2
158.7
72.9
51.3
77.8
83.1
32.3
63.8
93.4
120.8
119.0
144.3
110.7
160.9
44.8
176.5
20.8
44.9
44.2
56.0
82.5
108.1
139.7
97.8
54.8
103.3
130.9
157.1
7.1
36.3
52.3
56.4
83.7
99.9
121.8
145.8
173.5
15.5
39.8
16.1
40.2
65.0
93.3
126.3
92.1
117.1
145.7
175.7
8.1
13.9
40.3
66.3
103.8
58.9
130.9
49.0
67.9
142.4
157.5
160.0
10.6
45.8
20.5
52.7
82.5
56.5
177.1
116.1
111.9
141.6
174.2
26.9
155.3
135.1
180.8
31.2
62.7
96.8
72.1
39.3
70.9
161.8
83.7
69.2
87.1
107.0
136.6
166.0
16.1
155.1
12.3
9.4
181.3
31.2
176.9
71.7
78.6
66.5
96.5
88.6
80.5
42.8
76.7
104.0
118.2
143.3
169.1
23.1
54.2
82.9
115.9
142.0
171.9
22.3
50.8
61.9
97.7
21.1
170.9
12.9
36.8
97.4
54.7
68.0
97.5
121.2
150.2
179.6
33.1
67.4
90.8
117.0
129.8
154.5
24.6
171.3
68.0
104.0
136.5
170.0
23.8
58.3
93.6
121.8
152.6
170.9
105.6
181.4
151.6
7.6
39.4
70.5
102.6
136.1
163.9
168.8
18.7
28.3
159.7
68.9
95.5
125.9
148.6
151.0
135.8
170.2
21.7
46.4
80.1
112.3
101.0
130.8
160.0
5.9
35.7
40.5
159.7
9.1
171.6
155.7
7.7
159.1
160.7
15.7
48.4
76.4
81.2
67.6
85.6
87.9
40.0
67.5
98.3
126.3
40.6
66.5
148.3
48.4
30.3
54.1
86.7
96.8
106.8
138.7
36.1
95.6
91.8
118.2
151.0
5.4
38.5
68.7
89.3
121.6
120.4
81.8
88.3
113.8
146.2
181.4
12.2
44.8
67.5
29.5
57.9
86.6
109.1
89.1
119.0
149.8
179.3
20.3
45.0
75.5
101.3
131.1
164.0
14.4
44.0
67.3
99.6
31.7
43.2
44.7
79.1
106.6
16.6
4.8
38.1
47.6
41.0
12.8
38.1
69.6
95.7
86.2
113.6
140.8
152.0
127.0
159.5
10.6
44.6
75.7
97.5
126.3
156.8
4.8
37.1
26.1
35.8
54.6
8.6
62.0
41.7
54.3
9.9
168.0
12.9
41.5
71.6
100.4
82.4
105.4
135.7
162.8
8.6
174.8
27.3
61.2
74.1
9.4
29.3
60.4
44.5
47.5
22.1
6.5
129.9
104.2
135.3
102.7
109.1
143.3
171.5
17.8
145.1
157.6
154.2
109.2
165.3
180.1
22.1
79.2
83.3
107.8
139.6
166.2
152.9
37.6
26.4
55.1
84.7
87.1
103.6
130.2
157.8
9.4
43.5
62.1
72.3
19.9
47.0
13.5
40.2
46.8
70.9
99.5
132.5
154.3
3.6
34.2
66.4
89.2
58.4
78.4
158.1
153.1
3.6
35.9
58.5
63.1
69.1
91.2
114.5
147.6
101.3
122.1
68.0
44.6
86.6
137.6
162.0
148.2
33.9
94.2
149.7
175.0
47.8
31.9
31.6
87.9
71.5
33.5
73.2
152.2
133.0
181.5
29.9
62.8
95.5
60.2
79.2
65.7
22.9
32.6
17.9
45.5
78.0
63.8
68.1
99.3
130.6
151.5
7.7
42.8
72.1
104.1
133.1
163.0
13.4
4.5
123.8
138.9
62.9
97.6
128.1
136.8
18.2
143.1
165.8
13.4
178.0
26.9
171.6
26.5
61.4
89.6
120.0
147.8
173.8
24.2
54.5
80.0
109.6
80.7
109.8
137.1
133.6
154.2
181.3
30.8
59.0
91.9
124.3
148.9
131.6
8.7
18.6
174.2
25.6
35.2
8.7
122.8
153.7
7.1
30.2
90.4
147.9
54.1
19.3
11.7
38.6
123.9
43.2
89.1
118.2
151.8
177.9
26.9
56.7
67.5
89.9
120.9
94.8
129.1
153.6
108.8
124.2
148.4
174.2
173.2
21.4
52.9
84.7
117.2
145.5
176.4
29.4
30.5
56.0
74.8
62.7
96.2
127.3
154.8
177.8
24.7
57.5
48.6
104.2
74.2
94.8
126.5
135.0
144.0
65.1
79.8
93.4
124.4
156.9
4.2
161.6
181.4
28.7
132.8
9.1
13.3
43.9
68.6
61.6
89.1
123.1
154.5
8.2
38.6
62.1
88.5
121.3
152.9
4.8
33.4
18.7
45.6
75.3
106.1
106.2
95.3
124.5
133.8
73.4
54.7
86.1
71.4
48.1
36.5
62.7
71.6
102.2
136.2
158.4
11.0
39.6
69.4
98.5
107.3
141.5
73.2
39.1
58.6
169.4
13.9
23.7
159.8
39.7
120.9
49.7
33.8
86.1
47.9
73.5
106.4
136.7
123.4
126.8
125.0
143.5
118.9
174.0
122.9
42.1
64.5
137.0
4.2
37.3
62.3
26.3
140.9
170.6
17.5
153.1
166.3
157.6
5.9
32.3
110.3
43.8
92.8
123.9
154.6
52.2
28.3
39.9
64.9
69.7
103.6
137.3
165.4
16.2
46.4
75.5
107.3
137.5
149.2
31.6
38.3
162.6
139.6
104.0
70.4
103.9
88.8
111.2
110.3
145.3
175.6
174.3
111.5
135.9
169.1
15.9
179.7
150.8
9.3
13.3
44.3
75.4
104.9
53.3
130.4
125.8
158.6
5.9
11.6
166.9
11.0
34.3
47.5
47.1
162.4
151.8
34.4
25.5
26.0
55.5
89.5
91.9
79.7
14.0
157.2
130.2
148.0
134.7
108.7
132.3
164.2
17.5
33.3
61.2
93.0
86.5
119.8
146.3
46.5
9.4
44.0
75.3
89.5
71.8
25.6
26.5
55.4
64.1
19.8
50.7
85.0
93.0
43.1
128.1
141.7
172.8
23.7
27.1
146.6
174.8
23.3
49.4
52.0
82.6
114.8
145.7
175.3
18.5
49.5
77.0
104.3
128.2
65.7
4.8
40.9
71.2
103.8
135.6
164.2
16.1
43.9
73.5
104.4
136.2
61.3
88.0
69.1
168.9
181.3
30.1
58.5
90.0
119.5
40.1
22.1
52.9
85.2
116.3
106.8
117.6
151.9
83.1
80.5
100.4
126.3
160.3
9.1
172.1
19.8
51.7
76.5
107.6
138.0
117.1
13.9
44.5
61.2
9.4
38.9
178.2
137.4
162.3
158.1
180.1
23.7
53.4
73.0
91.1
123.2
158.5
7.7
25.4
54.0
34.2
65.5
54.3
34.9
63.2
98.0
131.2
161.0
7.1
31.4
63.8
92.5
121.8
147.3
87.8
117.1
146.1
181.0
98.9
129.4
122.7
37.2
30.6
23.3
103.3
28.8
34.0
134.8
103.0
124.8
127.0
32.0
138.8
166.4
59.9
81.2
74.7
130.4
42.6
97.9
104.6
81.2
95.4
143.6
3.7
107.4
119.7
181.4
22.4
62.9
127.8
158.9
8.2
36.7
68.1
98.3
103.8
104.4
137.4
168.4
118.2
81.4
113.4
143.1
172.0
98.2
87.2
120.7
149.9
177.0
136.8
168.1
16.7
48.0
9.4
21.9
52.6
163.8
163.5
156.7
60.0
39.2
45.3
78.4
110.0
58.6
73.4
52.4
60.2
129.8
111.2
144.3
176.3
23.6
51.5
59.6
155.6
145.7
100.9
8.2
159.3
10.6
44.9
78.1
113.0
142.4
171.8
24.3
48.6
78.2
107.2
136.8
165.1
16.8
3.6
6.0
39.7
46.8
79.2
112.1
113.8
145.9
153.6
181.3
8.7
39.1
65.6
95.2
127.5
160.3
137.3
79.9
107.5
137.7
166.8
133.9
159.1
14.0
45.2
81.0
95.8
126.2
146.8
68.2
6.5
8.2
22.6
8.2
128.1
156.9
174.7
167.9
21.5
52.5
59.9
48.1
159.7
4.2
36.2
72.2
102.3
111.6
111.8
83.8
95.2
49.7
143.1
99.3
14.5
98.2
36.6
153.8
108.9
136.7
168.1
19.2
40.5
128.3
46.3
75.9
68.5
34.6
70.7
90.0
84.5
110.7
141.3
175.4
26.6
61.5
33.2
37.4
68.2
24.0
51.8
74.9
107.4
141.3
145.5
120.6
72.6
70.3
105.1
132.6
169.9
19.6
43.2
171.1
158.4
65.4
68.1
76.8
109.8
140.1
119.7
109.3
139.8
171.4
26.0
22.9
81.9
73.4
101.0
129.2
163.0
14.6
4.2
29.1
48.4
14.1
86.6
61.3
55.5
30.7
22.1
159.0
72.6
103.1
58.8
155.5
20.3
30.5
62.4
91.8
121.6
142.6
71.9
100.9
137.6
122.8
122.9
147.6
174.5
135.8
171.4
155.0
8.2
150.5
37.7
136.6
125.6
156.4
4.2
34.7
66.6
58.4
88.8
123.9
155.0
8.2
38.0
39.5
59.5
85.4
111.9
123.6
154.1
5.9
158.7
32.6
27.9
38.8
24.5
134.9
162.1
170.4
19.8
172.0
100.7
134.1
161.9
168.0
15.1
49.3
80.7
110.9
134.0
145.1
159.1
15.2
46.2
69.9
100.4
132.3
151.9
104.8
134.7
164.0
16.9
49.3
78.2
82.0
111.4
142.4
172.3
20.2
32.4
12.3
48.5
81.7
96.4
84.8
90.5
77.9
83.2
97.1
127.7
158.1
166.5
62.7
69.2
97.8
123.3
16.7
52.5
81.0
114.2
146.1
179.0
148.8
177.8
31.4
64.8
98.5
131.1
141.1
133.2
164.8
19.2
158.9
143.9
173.4
27.4
64.1
96.3
126.0
159.4
7.7
35.1
145.7
163.6
16.2
161.0
181.4
29.4
6.0
40.2
68.5
99.6
133.8
161.0
5.4
36.8
68.2
100.0
131.2
155.6
7.1
29.8
97.6
89.6
76.3
103.7
129.0
161.9
17.4
45.4
57.5
88.1
119.5
92.5
104.3
45.4
77.0
106.7
136.6
111.6
114.4
142.9
172.7
169.2
91.3
62.2
114.0
163.5
51.1
128.6
34.6
91.4
63.4
31.4
81.3
169.0
54.2
155.2
177.3
48.0
87.7
81.5
133.5
5.0
106.4
179.0
96.4
14.9
162.1
90.3
177.8
79.5
176.6
141.5
180.0
34.7
14.9
56.6
132.9
56.8
34.3
25.3
84.9
3.7
85.3
138.0
75.1
116.8
55.3
43.1
152.7
159.5
30.9
78.1
11.2
38.4
71.7
43.4
69.1
41.1
49.9
98.8
72.8
27.0
55.5
67.0
34.8
24.4
53.6
80.9
105.8
132.8
158.1
181.4
5.5
26.1
51.3
21.5
41.1
65.0
95.2
113.7
145.6
9.6
161.6
3.6
32.9
25.9
145.1
19.3
19.4
139.0
13.0
42.2
69.2
97.3
127.6
136.2
164.1
160.5
62.5
34.5
13.1
45.3
70.8
95.2
122.6
154.9
104.1
17.7
110.7
140.9
148.5
147.8
80.0
125.2
21.5
6.5
29.2
148.9
172.8
12.1
38.5
68.1
85.3
58.4
81.3
116.2
123.6
7.4
29.3
56.8
145.6
70.8
175.0
144.9
115.0
94.9
127.4
146.0
88.6
108.1
128.3
159.0
5.9
33.9
66.9
105.1
136.7
164.9
16.8
47.4
79.3
103.6
125.6
158.2
161.1
154.1
4.4
164.3
56.1
71.3
108.2
16.8
20.9
35.6
62.6
82.8
99.1
98.8
73.8
102.2
59.0
29.2
13.1
97.8
171.7
164.6
148.1
174.0
13.2
44.2
66.5
89.1
103.6
134.2
167.3
20.8
52.6
82.3
99.7
122.6
143.9
170.1
8.3
165.2
130.8
20.4
124.9
150.5
66.1
130.6
93.9
41.0
65.9
100.6
130.6
33.9
37.0
72.3
105.2
126.4
145.0
175.7
154.1
151.4
153.4
75.9
35.7
179.1
159.6
4.6
36.7
56.1
57.3
83.6
90.6
13.5
13.1
19.7
52.1
4.6
10.1
161.1
90.6
55.2
77.4
116.4
155.2
6.5
138.5
170.4
161.2
92.5
101.9
46.6
65.1
73.0
148.9
170.1
160.5
168.7
16.9
7.4
32.8
62.9
34.6
146.3
89.4
32.9
66.5
127.0
154.9
135.2
162.8
9.3
44.2
70.5
98.4
130.9
160.2
128.5
159.9
4.4
126.0
147.5
170.7
18.5
15.3
4.6
21.5
48.3
35.8
67.2
36.5
61.2
82.0
78.5
53.7
69.6
60.6
13.0
30.4
20.7
156.1
175.2
17.7
40.2
43.5
53.2
42.0
88.2
134.4
180.5
7.9
139.7
166.2
153.3
140.4
66.3
39.7
41.0
31.8
33.9
59.0
86.4
100.3
127.6
158.8
167.6
28.9
21.7
56.6
92.0
120.0
141.5
174.7
26.2
125.8
110.3
136.8
19.5
70.8
93.1
118.4
119.0
134.5
164.2
104.5
80.4
58.1
56.8
80.5
100.3
115.5
113.6
147.1
177.3
19.3
43.9
71.1
100.1
132.0
157.8
139.9
173.7
14.4
40.7
62.3
58.2
56.4
57.2
83.6
111.1
137.1
163.5
130.0
169.4
9.3
31.9
130.1
28.7
50.8
16.0
6.5
35.7
67.1
81.5
82.8
14.1
26.3
51.6
82.4
116.3
109.4
149.7
166.1
15.0
129.3
150.8
138.9
19.7
47.7
70.9
90.8
120.9
108.7
123.9
101.8
23.4
23.6
31.0
74.2
82.6
61.8
86.5
106.8
123.5
112.4
137.3
54.1
71.2
101.8
102.3
79.6
106.1
139.3
166.5
169.5
22.7
22.0
21.6
49.2
78.3
108.4
139.6
163.8
14.9
44.4
155.0
60.7
66.8
90.6
69.5
99.6
133.6
157.3
179.5
165.8
179.3
164.5
10.3
45.2
77.9
114.1
136.1
150.0
179.3
57.0
48.7
76.3
100.2
121.0
136.1
151.6
73.5
173.4
22.4
28.2
44.3
69.1
59.9
95.3
127.4
49.2
48.3
64.3
77.6
97.5
149.7
172.6
13.1
42.6
77.9
110.1
132.1
160.0
10.3
32.6
50.1
12.4
113.0
14.4
138.3
99.9
134.5
171.0
20.7
58.5
135.7
97.7
123.9
149.8
179.9
63.2
23.6
11.2
44.5
72.9
94.2
47.6
82.0
116.2
138.6
163.1
13.3
28.2
61.3
89.9
122.1
116.8
81.0
52.8
86.9
53.9
98.4
121.7
152.0
8.3
92.9
117.3
46.9
69.2
125.5
151.3
169.0
17.9
12.2
46.6
76.0
84.9
99.1
123.6
151.7
136.1
166.5
12.1
32.4
55.9
84.2
93.4
83.7
106.6
127.5
70.1
98.0
130.0
152.9
113.6
7.4
160.5
52.0
75.7
105.1
115.7
135.0
132.7
103.3
135.6
145.4
177.3
31.5
165.1
140.0
145.6
148.9
165.1
168.2
11.2
44.1
112.6
130.4
89.5
70.3
100.4
130.0
146.7
167.5
54.8
86.1
111.8
119.3
138.4
165.0
13.6
32.0
3.7
82.9
100.5
120.6
145.4
136.3
89.7
25.2
16.4
173.4
110.3
134.4
123.6
122.7
9.7
94.9
130.3
163.4
14.1
42.0
64.8
23.3
34.0
59.7
179.6
24.5
60.7
94.4
76.8
177.8
10.3
40.1
164.3
170.1
13.1
36.5
18.0
102.1
126.6
138.7
93.4
162.5
174.6
19.5
47.2
68.8
115.1
142.2
15.1
49.8
50.1
73.6
119.3
85.7
115.6
142.4
42.1
69.9
167.2
154.6
146.9
33.8
19.8
47.2
69.6
86.5
116.0
145.3
179.7
30.5
11.1
42.5
70.6
105.6
135.1
90.7
93.0
81.3
112.5
125.5
142.5
85.2
100.7
161.5
82.9
102.9
75.8
100.0
153.2
132.6
169.1
38.1
64.0
70.5
92.7
114.9
138.8
102.5
110.7
69.4
170.4
47.1
118.4
166.9
152.5
169.3
9.3
18.2
105.7
131.7
153.8
82.4
120.6
119.7
149.3
130.6
32.2
70.1
71.9
83.9
90.2
37.3
60.1
58.8
120.5
79.4
98.2
131.9
160.0
116.2
142.3
161.9
4.5
12.1
156.1
141.4
160.5
177.3
93.1
57.5
54.5
81.1
116.6
141.9
153.7
158.3
161.5
11.1
23.6
49.4
79.6
101.4
41.4
38.5
64.9
91.2
119.2
156.5
3.7
43.2
152.1
164.2
129.0
119.5
147.2
171.5
19.7
36.7
28.9
60.5
93.5
103.0
133.8
153.2
132.9
25.4
30.0
160.5
158.6
161.2
7.5
7.3
63.0
23.1
115.8
105.9
130.8
159.5
178.2
24.4
54.9
74.4
97.2
82.5
58.9
95.8
117.0
132.9
157.7
165.3
103.7
170.7
177.5
124.6
153.5
4.6
104.7
129.5
158.2
78.7
100.4
127.8
131.9
158.8
3.7
23.4
49.7
73.7
98.1
122.2
6.0
4.4
161.5
5.2
55.6
33.3
162.2
179.5
100.8
122.2
101.4
132.0
97.9
91.4
123.0
155.7
4.6
118.9
141.4
144.7
172.8
150.6
179.1
19.2
41.1
44.0
61.8
89.8
118.8
114.6
141.4
158.6
12.1
42.4
74.7
165.6
179.8
163.0
11.2
103.5
119.9
35.6
17.8
175.7
5.2
136.5
161.8
8.4
23.4
160.4
147.6
181.4
127.8
155.9
126.2
149.5
174.6
142.7
87.2
109.5
138.1
146.3
5.9
144.7
174.5
93.4
36.7
119.5
153.7
141.3
43.5
92.5
134.2
70.9
101.4
128.7
98.1
94.8
48.8
9.3
162.7
105.2
109.5
115.3
32.2
172.8
13.5
101.2
14.9
4.5
15.0
25.1
3.7
28.1
57.4
79.2
147.5
27.7
91.6
114.2
118.1
112.2
135.4
162.8
4.6
30.2
60.5
82.8
107.7
122.7
136.5
161.5
152.7
175.0
21.4
50.1
57.1
54.1
28.5
15.0
43.7
179.7
146.7
170.1
11.2
106.2
133.7
30.0
10.5
164.1
11.1
32.8
178.6
14.4
36.0
22.4
44.2
71.9
103.0
126.1
148.7
64.6
8.1
160.0
177.5
29.1
46.0
133.5
169.0
179.4
26.5
67.0
94.7
128.1
157.1
81.9
91.0
35.2
18.7
110.4
131.4
148.9
157.7
9.3
37.6
156.7
144.8
170.8
24.5
55.4
75.6
101.9
80.8
87.8
96.8
132.1
164.0
15.9
12.2
9.3
42.5
29.2
59.4
56.1
79.5
109.3
136.5
157.7
124.0
99.9
63.0
98.2
133.5
161.0
151.0
178.4
27.2
14.9
36.0
51.2
40.2
163.8
148.7
175.5
84.3
113.6
139.4
128.3
69.3
95.0
128.6
57.8
82.3
117.4
139.1
115.0
72.3
97.1
35.4
95.5
14.1
52.1
54.6
80.3
68.7
8.4
41.5
73.8
11.9
136.8
166.9
11.6
62.3
154.7
180.2
23.6
58.4
50.7
61.7
94.3
71.5
61.3
49.4
71.9
106.4
137.8
167.5
9.3
158.6
32.6
44.7
100.9
22.5
55.1
76.8
18.8
174.0
102.2
111.7
142.3
125.4
139.2
159.9
9.3
4.4
158.3
139.9
163.9
9.7
113.8
64.6
82.0
112.9
138.4
107.3
34.5
54.7
71.8
97.4
119.6
138.6
82.3
64.7
150.3
166.5
12.7
181.4
23.2
8.3
160.2
57.4
88.3
116.3
140.2
160.5
58.8
19.8
13.0
33.7
62.1
92.9
108.0
134.8
168.5
13.0
41.3
70.4
102.6
88.8
117.9
148.2
161.4
7.4
26.7
47.1
37.9
60.7
115.7
137.5
149.6
130.8
164.6
89.5
55.0
74.7
104.0
135.0
34.4
126.9
88.6
155.3
52.9
24.5
7.4
11.2
111.5
158.7
127.3
161.5
161.6
5.2
174.2
27.5
64.2
75.3
104.4
133.9
160.2
150.7
181.4
32.2
64.7
72.2
92.5
86.8
18.7
44.3
84.0
57.9
81.2
116.1
143.6
181.4
181.2
93.2
138.8
169.3
17.7
135.8
118.9
138.8
126.5
154.9
100.6
91.0
128.0
92.6
74.4
84.3
117.5
147.0
177.7
25.4
39.4
66.8
90.1
97.8
168.5
161.3
181.4
111.3
138.4
161.0
148.2
171.5
30.3
97.6
25.4
117.1
64.7
83.4
106.8
138.1
166.8
5.5
23.6
84.2
101.4
108.5
137.9
155.6
93.0
127.6
115.2
84.4
154.9
15.7
19.5
138.5
159.7
10.8
116.3
29.9
57.5
82.9
107.2
134.7
142.9
111.0
144.2
120.6
154.5
181.4
155.0
165.5
166.4
19.8
54.2
76.2
29.2
178.9
23.6
58.7
79.8
108.9
134.7
165.6
120.2
107.3
136.5
138.3
152.9
175.6
16.8
47.6
79.8
111.2
143.5
176.6
10.3
42.6
69.1
89.2
102.1
122.6
152.6
178.3
30.3
24.5
24.5
53.9
87.8
112.8
135.5
166.7
155.5
3.7
164.2
7.4
41.2
66.4
105.5
89.1
136.5
143.2
171.5
20.2
36.7
61.2
47.8
68.9
97.3
127.5
149.0
179.6
117.1
142.3
167.4
136.1
156.2
10.3
42.4
51.3
180.5
122.3
18.3
44.7
7.4
176.7
180.9
20.6
45.3
76.3
42.3
57.0
23.7
6.4
23.4
54.9
89.2
118.9
157.2
6.5
140.1
157.2
130.3
15.0
31.0
53.9
151.0
169.6
13.1
89.0
47.4
181.1
166.0
9.3
28.2
55.3
84.8
25.0
54.6
79.8
108.9
128.6
157.4
3.7
6.8
181.4
23.5
35.5
62.6
91.0
123.2
146.3
147.9
178.0
26.5
55.2
50.7
145.5
91.0
26.9
60.8
57.7
171.8
9.0
66.2
157.2
6.5
18.2
38.5
3.7
77.2
103.3
132.6
164.1
11.2
84.6
98.0
104.1
129.8
154.0
23.4
29.7
159.7
162.5
11.2
178.0
78.2
110.8
128.3
162.9
111.2
141.1
170.8
24.9
54.7
86.1
128.3
164.3
169.2
7.4
29.3
61.7
96.5
130.3
131.6
115.8
144.5
180.8
150.5
176.1
19.7
44.6
73.0
106.0
135.8
44.0
11.9
36.9
154.5
136.2
22.0
45.6
100.0
128.8
137.1
158.5
5.4
11.2
43.2
130.7
15.7
40.4
63.8
37.0
43.3
73.1
89.7
82.8
102.5
131.1
163.3
180.7
166.7
127.6
157.6
5.5
104.9
64.7
14.9
104.4
108.3
146.6
169.2
49.5
24.7
83.6
99.0
120.4
149.8
160.3
9.2
34.0
59.5
90.4
171.0
16.0
37.0
32.9
62.1
92.7
122.5
124.1
142.8
148.9
79.7
88.5
116.1
109.2
112.9
3.7
26.7
46.2
80.0
101.4
127.6
106.3
82.1
110.6
53.3
72.9
79.9
21.5
48.3
3.7
28.4
20.7
44.3
71.7
101.0
83.8
87.0
112.5
140.5
126.3
100.0
123.6
151.2
179.7
59.3
10.2
45.1
66.0
50.7
65.1
128.6
132.5
147.9
178.6
30.4
161.9
145.2
159.1
60.5
119.1
177.6
146.5
175.7
27.4
61.2
88.2
108.2
120.3
39.2
68.0
91.0
50.8
180.3
137.5
162.3
12.2
45.4
76.0
102.7
114.7
83.6
111.2
128.1
141.5
170.9
171.2
154.1
147.4
173.8
150.4
123.8
156.1
168.0
180.5
108.2
129.3
164.1
10.2
37.5
68.5
87.5
34.8
56.0
19.5
35.3
67.7
84.3
104.4
127.3
153.9
174.6
11.3
23.7
54.5
84.3
15.7
102.0
121.1
149.1
166.8
5.5
30.4
59.3
68.9
69.7
98.8
127.1
79.4
107.6
121.3
145.3
129.1
12.2
39.7
47.8
170.8
13.0
37.9
65.3
92.4
119.1
141.6
171.6
17.9
166.5
8.3
35.8
62.0
100.5
122.2
35.6
65.2
96.1
126.1
157.5
6.5
33.0
61.4
85.4
87.2
164.7
11.2
42.0
65.9
97.0
124.6
74.7
93.9
84.4
27.7
83.8
36.3
65.1
44.0
35.7
59.2
85.1
117.5
145.8
137.0
141.7
163.9
13.8
38.4
69.0
8.2
147.1
71.1
72.8
105.5
135.4
162.9
12.1
44.2
28.1
22.0
174.6
92.8
139.3
84.2
147.2
129.3
126.8
156.9
161.1
7.4
28.8
58.1
85.2
116.7
127.8
150.7
120.9
60.4
97.2
146.9
127.3
135.3
165.4
169.0
19.8
38.1
51.2
144.4
69.6
168.8
59.3
77.3
96.3
127.6
154.5
139.7
174.7
9.3
174.0
21.3
162.7
9.3
31.6
20.0
164.9
11.2
40.5
60.7
91.3
114.6
128.4
159.3
53.9
77.0
26.2
11.1
39.4
66.2
89.3
62.7
66.1
20.2
163.8
120.7
147.9
62.6
88.2
110.4
132.1
158.9
7.4
39.5
73.1
99.2
122.0
100.4
133.7
88.5
118.1
92.3
118.2
127.0
31.4
181.3
21.6
49.4
57.1
90.8
121.2
51.0
169.9
17.8
54.4
80.4
37.7
160.1
146.9
159.2
29.5
12.0
28.9
53.2
77.7
101.0
126.6
153.8
147.9
129.3
147.1
61.0
61.1
87.6
115.1
141.3
168.4
175.2
17.7
44.8
47.4
165.0
98.8
120.5
141.0
168.6
13.1
37.4
70.1
104.8
129.7
82.8
105.0
136.0
94.9
126.4
106.2
64.6
63.9
83.8
118.1
147.5
161.5
90.6
55.5
117.4
141.5
173.0
119.3
116.4
137.2
123.7
152.2
122.0
75.6
99.2
60.1
162.7
181.4
131.3
153.8
110.9
23.2
48.7
83.6
99.8
127.2
148.6
174.6
172.8
26.3
57.8
89.4
111.8
143.5
171.8
15.0
50.8
4.4
29.3
56.3
149.3
151.8
114.8
137.4
172.8
181.4
15.0
103.6
173.4
27.1
55.2
176.6
172.2
15.9
33.1
58.8
81.3
109.4
142.0
176.8
30.9
32.0
59.5
93.0
131.6
166.0
15.1
46.2
79.2
124.0
24.9
170.0
14.9
43.6
77.0
104.4
124.7
118.0
163.5
28.0
47.1
74.3
101.3
134.3
58.4
158.4
180.4
13.0
45.0
77.7
113.6
45.2
36.6
63.2
161.1
135.0
131.8
127.3
155.8
146.7
23.6
48.3
33.1
59.4
88.9
126.8
160.7
5.5
28.0
56.4
90.1
121.0
152.9
180.4
22.8
57.0
91.0
116.1
131.4
130.4
141.3
163.4
29.8
139.3
136.3
151.0
173.2
7.5
20.8
35.0
180.7
27.7
47.5
168.7
144.3
140.1
90.5
110.7
71.4
45.7
76.3
35.3
153.8
179.0
148.0
4.6
28.8
51.3
83.8
115.5
143.1
68.9
147.3
173.5
157.1
135.5
32.2
36.6
54.9
81.1
137.2
137.1
126.0
54.6
56.3
88.9
41.4
65.2
90.7
118.2
147.0
170.5
4.6
36.1
65.0
41.0
24.4
54.6
81.9
159.1
111.8
102.9
132.2
150.8
83.7
118.6
145.3
164.6
12.2
45.1
80.8
107.2
97.6
144.9
166.0
7.5
35.7
157.3
178.1
18.8
45.3
70.8
85.5
45.3
72.6
97.3
96.5
116.7
146.2
172.4
136.3
73.8
99.6
127.9
159.1
37.0
34.3
165.6
12.2
25.3
57.4
55.1
18.6
40.0
65.0
97.0
128.0
155.3
5.6
8.2
27.4
50.5
44.9
29.2
64.0
93.7
121.7
145.4
168.7
154.5
15.8
31.9
12.0
70.2
41.0
149.1
174.4
11.1
38.4
63.7
179.4
27.2
24.7
170.6
106.4
102.4
123.5
157.1
34.5
58.9
35.1
49.1
85.9
117.2
10.0
26.2
161.7
17.0
54.6
83.0
113.3
143.9
168.7
15.0
43.7
65.9
82.2
114.1
136.1
166.3
17.9
33.1
56.5
75.3
54.5
51.8
20.7
116.0
5.4
4.6
32.0
54.0
82.0
104.0
106.6
139.6
107.3
57.1
76.2
111.4
144.4
170.5
153.4
149.8
88.8
115.8
100.9
134.1
163.8
17.0
4.6
112.2
128.3
75.8
97.0
58.2
85.5
66.4
24.4
54.2
83.3
49.0
80.1
77.5
50.6
153.8
94.6
74.9
67.3
97.5
107.3
137.7
82.8
18.8
57.8
72.6
105.4
132.2
147.1
179.3
16.9
44.7
44.2
15.8
14.7
27.0
43.8
65.4
74.2
99.0
130.4
55.4
81.9
71.8
97.2
171.9
82.1
99.4
121.3
122.2
101.1
68.2
55.6
33.0
68.1
102.6
126.2
153.5
181.4
169.7
12.1
42.4
68.3
95.5
123.4
51.4
175.4
175.4
98.9
114.5
107.6
143.6
176.1
3.7
29.3
54.9
87.1
118.3
146.9
98.3
35.6
61.0
28.7
35.8
68.0
88.8
119.7
149.8
167.0
94.1
42.3
110.2
61.7
83.4
112.8
143.6
180.1
21.4
174.7
17.9
45.3
63.8
92.1
100.1
132.5
166.8
12.6
13.4
64.1
14.1
37.9
64.8
80.8
101.1
133.4
139.1
130.1
156.5
59.0
55.8
84.7
117.8
148.5
174.3
17.9
45.9
169.4
169.9
13.3
12.2
38.5
71.4
50.5
72.0
102.1
118.0
119.3
153.8
178.1
31.3
62.9
99.1
127.5
153.8
136.8
174.3
92.5
12.2
44.5
78.0
114.5
126.5
159.2
9.3
39.0
62.9
58.5
130.3
20.9
11.0
176.3
108.4
72.7
40.1
20.2
149.2
98.7
116.5
32.6
169.7
82.4
63.3
166.2
26.3
155.1
24.9
100.1
14.5
12.2
76.2
124.9
130.5
119.7
19.7
166.1
146.6
42.5
144.3
7.7
96.4
41.9
175.4
96.8
53.8
13.8
166.8
138.5
85.7
141.4
107.3
71.3
131.1
82.5
79.9
15.0
146.3
63.8
69.0
69.0
161.3
132.5
45.2
39.8
10.0
141.7
104.4
168.7
63.5
117.2
69.5
148.9
156.4
62.8
140.9
77.2
74.2
174.6
