30.5
96.8
45.7
84.4
107.7
8.8
135.9
151.1
108.1
28.6
164.8
68.7
155.6
74.2
159.7
179.2
20.1
85.8
164.7
32.1
115.0
34.4
4.7
64.7
5.1
151.7
130.9
78.9
163.7
111.3
96.1
45.1
153.6
77.8
88.4
131.1
125.8
141.1
151.5
69.2
88.7
22.6
158.8
100.2
39.1
173.5
137.2
72.7
59.8
29.8
80.7
134.1
10.2
70.6
115.2
162.1
163.5
68.1
176.8
47.5
104.1
168.0
27.4
52.8
22.7
158.0
104.5
46.6
173.6
40.7
57.7
3.3
40.3
49.4
97.3
159.7
97.7
37.4
31.2
167.6
134.0
112.4
76.5
96.2
5.2
43.6
36.8
146.8
81.6
38.4
106.7
114.1
111.0
178.4
8.2
174.1
100.9
20.6
167.1
87.5
23.3
179.5
142.0
111.6
56.9
25.5
6.6
151.8
12.3
169.4
42.8
35.2
29.5
138.9
125.7
85.3
63.3
92.0
144.7
159.8
94.0
58.5
40.5
105.6
55.6
172.8
148.8
124.2
55.7
166.8
51.2
138.9
92.7
41.0
4.2
157.6
16.2
12.8
72.2
4.2
155.4
106.1
74.5
169.4
153.8
137.3
166.9
161.2
155.6
149.8
122.0
123.1
96.2
50.8
52.8
59.3
15.3
74.2
115.1
28.9
110.3
23.2
72.1
119.3
48.6
165.7
61.8
129.1
17.3
122.9
71.8
158.6
164.6
43.7
121.8
16.2
89.8
87.8
73.9
15.2
160.0
132.3
94.3
154.3
95.6
119.3
61.2
5.1
107.9
14.6
161.8
37.7
16.9
144.0
101.4
77.8
170.0
95.0
67.6
141.4
85.9
45.2
98.0
72.7
10.1
138.6
145.9
52.2
157.7
81.6
11.5
20.6
174.9
126.7
44.4
20.0
171.3
113.6
54.4
174.3
139.7
90.3
109.0
52.2
20.9
165.8
40.6
150.0
112.3
50.3
180.0
144.1
93.7
180.7
107.2
3.3
150.2
158.5
36.1
37.4
105.0
127.1
18.9
69.1
163.9
150.3
126.0
101.8
74.7
137.3
69.9
48.7
103.9
25.0
176.9
91.4
13.9
118.1
60.2
69.1
146.8
145.9
127.1
69.7
134.8
21.0
10.6
121.9
92.8
77.9
41.2
179.8
108.7
43.0
44.8
3.8
61.2
163.8
178.0
10.2
3.4
33.4
122.8
150.1
142.0
107.2
73.5
41.0
106.0
144.3
91.1
22.7
144.2
51.7
29.0
28.4
49.8
63.7
59.2
151.1
45.2
46.4
72.2
84.1
97.5
57.7
13.6
55.5
132.3
142.4
169.7
173.8
13.9
35.6
148.2
170.4
15.3
125.9
34.3
154.1
21.6
162.1
178.3
140.7
25.7
65.7
110.3
9.4
102.5
71.8
88.0
129.9
146.3
159.9
178.1
166.4
169.1
176.7
5.6
52.2
86.9
50.3
126.7
172.1
30.1
52.1
52.8
82.8
117.0
126.1
125.9
139.5
128.2
170.5
158.0
162.4
92.3
176.4
8.9
158.8
134.4
134.4
120.5
152.2
6.4
39.4
78.9
73.3
95.4
141.6
147.3
116.9
119.5
117.4
54.4
22.2
150.5
107.0
100.6
142.6
64.3
97.9
146.4
163.0
171.2
132.0
42.9
168.4
9.0
75.4
106.3
165.9
58.6
81.7
115.1
165.2
38.5
100.5
179.6
48.7
95.6
123.6
153.3
22.0
112.4
30.4
142.9
5.2
92.4
118.6
22.5
115.1
105.3
103.6
9.9
88.2
11.5
31.9
142.4
3.4
47.5
97.2
132.7
177.9
160.9
140.4
64.2
10.2
106.3
85.3
77.4
43.8
159.7
52.4
111.2
176.3
110.6
83.8
60.4
128.0
142.8
62.0
45.7
144.0
104.5
96.3
47.9
9.6
125.5
82.7
43.5
156.9
100.7
68.9
33.9
85.6
5.9
51.3
134.2
89.1
31.8
147.6
181.2
162.6
171.6
160.9
161.9
169.8
19.9
65.3
152.7
181.2
48.9
174.8
159.8
125.2
93.6
71.8
41.8
17.0
159.3
124.3
127.8
62.2
181.2
179.4
158.2
109.0
64.0
58.6
79.6
98.2
129.8
162.4
181.2
22.6
59.9
89.9
126.9
118.4
151.3
181.1
11.2
15.7
26.0
45.7
46.9
62.7
93.0
106.1
91.0
107.2
154.1
36.7
125.0
46.6
137.9
57.7
149.7
53.0
149.5
82.2
12.1
100.9
3.5
106.4
40.1
146.6
62.2
173.7
99.7
24.9
146.2
61.2
153.3
82.6
15.1
116.3
28.4
64.5
170.3
78.8
169.0
91.8
11.0
125.1
54.8
169.0
76.4
163.3
69.0
122.3
59.9
166.9
91.4
10.2
117.0
35.1
151.8
51.8
146.5
65.3
180.5
113.5
82.7
152.6
75.6
170.5
90.1
22.5
128.0
61.4
171.7
88.4
5.1
85.0
168.0
81.0
127.4
92.9
72.9
57.8
60.7
49.6
39.7
15.2
9.0
16.5
8.1
5.2
178.8
172.7
170.1
167.6
169.2
161.6
146.4
143.1
145.6
121.3
134.9
138.0
144.0
130.5
132.4
118.1
114.4
100.0
73.1
66.7
51.6
46.1
60.6
60.6
160.0
141.0
138.4
138.4
136.3
120.5
89.3
30.7
22.5
18.1
12.4
7.1
6.2
7.1
15.7
27.4
25.5
32.8
31.9
26.8
11.5
177.8
171.0
160.9
157.4
145.4
127.1
122.1
111.7
108.6
95.4
90.6
89.5
82.0
79.4
68.1
70.3
58.7
57.8
50.9
40.0
31.2
17.3
16.6
22.4
6.2
8.3
20.9
177.0
166.3
170.8
165.2
154.1
147.8
141.3
149.7
142.5
132.0
125.6
122.2
118.9
133.6
121.2
101.8
67.9
67.5
54.3
181.2
47.2
159.8
155.1
146.0
138.4
126.8
123.0
164.4
120.4
81.6
38.6
4.9
156.5
119.5
100.9
82.3
128.4
82.4
170.7
32.5
61.6
119.2
179.0
39.3
98.0
139.1
181.2
39.6
74.5
117.2
175.2
56.5
120.0
178.5
36.2
91.9
149.3
174.0
50.1
88.2
30.6
154.3
124.9
147.8
4.2
27.0
56.5
108.7
156.9
29.9
53.1
93.2
117.9
166.7
157.4
82.5
94.3
132.5
146.8
171.3
29.5
69.8
108.8
127.9
160.2
33.0
89.1
126.2
157.7
12.7
34.6
99.5
141.0
21.3
70.1
111.1
154.7
5.0
59.0
102.1
148.5
34.4
87.8
152.1
14.5
59.2
117.4
156.2
22.8
63.2
93.8
143.7
5.9
64.7
109.0
158.6
16.5
50.8
110.3
158.8
20.4
67.0
109.0
163.3
41.4
80.4
135.2
7.2
60.1
108.7
165.4
49.8
99.3
158.2
39.5
80.3
133.4
181.2
24.1
53.7
100.9
123.7
138.5
4.3
72.0
137.8
176.7
42.6
88.5
122.6
170.6
43.6
87.6
116.3
150.0
9.5
58.1
113.4
177.0
27.0
66.2
103.6
172.9
56.4
118.6
159.2
23.3
60.0
124.0
170.6
26.9
57.0
115.6
8.2
50.2
104.9
136.8
4.3
64.0
137.2
19.9
69.2
97.2
144.1
177.5
60.7
96.2
139.2
127.1
62.9
111.1
134.5
25.4
51.1
121.9
155.7
4.3
43.2
83.2
131.4
8.2
62.8
92.3
108.4
145.5
164.5
21.8
95.5
153.6
9.6
51.4
106.6
148.6
6.5
57.3
79.6
124.8
178.1
49.9
117.7
162.0
181.2
48.5
86.1
156.6
19.7
56.7
80.8
135.1
181.2
42.6
63.9
28.1
9.7
18.1
70.8
98.9
148.1
8.3
59.6
107.9
147.8
18.5
77.4
144.8
14.2
58.2
61.1
114.2
150.9
5.1
53.0
92.7
151.2
178.7
30.5
81.4
132.6
172.9
36.4
64.3
125.9
174.9
46.7
88.7
155.8
25.2
65.0
113.6
174.4
41.4
95.3
141.9
5.0
54.7
103.7
152.7
27.4
80.2
114.7
162.1
30.4
79.3
140.2
175.5
48.3
93.1
139.4
174.6
68.1
123.6
148.7
93.8
103.7
129.7
163.8
23.9
60.1
90.6
124.8
161.5
15.1
53.2
90.9
127.5
146.2
142.6
17.7
54.0
77.2
104.5
134.4
176.9
28.2
55.8
83.1
106.1
163.0
176.4
57.4
97.7
135.7
171.5
20.8
67.0
101.3
147.7
7.2
31.5
79.9
125.9
135.5
167.5
32.1
63.5
115.7
161.8
8.2
30.0
76.9
131.0
162.9
19.0
60.7
93.0
135.5
168.7
27.4
72.9
102.1
148.3
173.5
26.4
68.0
107.2
143.6
173.1
38.6
63.9
106.3
153.0
11.1
47.7
74.2
102.2
122.1
94.9
118.7
148.2
6.4
61.5
100.6
144.6
164.5
22.2
171.8
29.4
68.8
89.3
121.4
161.1
31.2
68.6
106.6
132.3
161.2
18.9
67.6
116.1
175.1
30.0
64.0
99.5
136.0
133.2
172.0
23.7
65.6
103.0
135.5
172.9
30.7
59.2
87.3
119.4
154.8
4.4
30.6
56.6
97.3
133.7
164.7
22.1
55.3
89.2
121.7
176.3
25.3
42.7
75.0
106.9
134.4
166.1
22.9
56.5
101.3
145.8
137.5
40.7
77.9
109.3
149.6
179.4
22.6
64.2
104.4
132.5
158.2
15.7
35.0
72.2
104.3
129.4
150.3
178.2
27.7
64.6
92.1
119.9
126.1
57.9
14.3
43.9
46.3
71.0
110.5
139.0
125.2
132.5
147.9
173.7
21.6
59.2
107.7
135.8
178.9
34.6
75.5
113.1
108.6
152.9
12.7
33.9
80.8
95.2
135.9
169.9
25.4
69.6
92.6
143.6
11.1
43.1
55.7
95.8
122.7
154.9
77.8
36.4
96.3
148.8
14.8
45.5
77.5
111.8
138.5
173.2
40.2
74.5
95.9
130.1
165.1
30.8
80.4
111.4
142.6
21.2
42.5
76.1
108.7
140.7
177.2
37.4
77.6
105.1
145.2
5.4
40.8
64.2
109.1
57.0
63.4
98.8
132.5
164.9
17.8
50.3
93.3
136.0
179.0
42.8
94.0
140.9
94.8
57.6
87.6
123.2
157.6
12.0
60.2
99.6
124.3
155.9
27.9
66.9
97.8
124.1
165.1
24.9
70.9
116.5
162.1
25.6
64.9
119.4
147.9
6.3
41.9
68.6
92.5
124.1
167.5
34.3
70.6
98.0
133.4
163.5
18.0
54.1
87.8
129.7
164.1
25.4
38.7
88.7
124.9
159.3
9.1
44.8
79.0
107.1
138.7
129.7
24.7
41.7
69.5
101.6
147.7
180.4
31.6
65.4
116.2
142.4
181.1
41.9
70.8
97.4
133.6
3.5
52.3
80.6
105.3
135.2
171.0
19.7
71.4
96.2
121.5
149.7
180.0
34.7
60.8
110.1
137.6
142.7
36.2
67.4
93.4
131.0
159.1
11.0
46.4
70.1
112.7
153.9
181.0
29.6
70.7
109.8
140.1
177.9
23.5
54.2
86.2
120.7
164.2
6.3
44.1
75.3
104.9
144.4
180.5
36.1
72.4
123.3
166.5
22.8
30.4
75.6
113.7
154.6
129.9
24.0
17.3
71.4
125.5
179.7
163.2
180.1
7.2
3.6
11.0
30.9
59.6
67.0
77.4
101.6
100.8
120.1
89.2
50.3
165.5
4.5
19.3
19.2
30.3
47.0
58.7
68.0
9.3
37.3
51.7
68.0
84.1
102.6
116.9
133.5
141.5
174.0
26.5
25.6
40.0
46.2
53.9
72.8
79.9
111.3
118.9
128.5
142.1
146.9
147.9
155.4
173.3
4.6
10.0
21.0
31.4
37.9
43.2
54.5
78.8
94.6
62.5
85.5
90.2
101.2
101.4
124.1
137.6
138.5
142.7
153.1
168.2
178.8
9.3
31.6
36.0
50.7
75.9
94.0
123.3
135.8
148.6
157.2
166.1
174.3
11.0
31.7
45.8
59.5
52.9
76.8
86.2
110.6
132.3
132.2
130.9
133.9
144.9
140.9
148.0
159.4
171.5
176.6
176.6
179.6
3.6
14.5
24.9
39.2
45.9
59.4
64.9
73.9
95.5
109.1
112.2
120.4
129.7
131.4
158.1
173.4
3.6
29.2
52.4
47.1
47.0
74.2
100.3
117.8
140.7
144.4
160.3
168.7
9.0
29.0
67.9
108.3
130.8
143.5
156.7
3.6
14.6
22.0
30.5
48.2
54.5
66.0
81.4
95.3
111.5
123.9
132.9
158.9
178.7
177.5
179.9
11.9
23.8
28.1
24.5
32.0
55.2
70.8
75.6
82.6
85.9
87.8
86.4
92.4
97.9
98.0
59.3
141.4
52.4
57.4
79.1
92.3
103.4
108.9
110.0
127.8
132.0
142.2
143.6
148.0
152.3
157.4
150.9
136.1
138.8
144.3
149.5
161.0
162.7
173.3
181.1
76.0
3.6
44.6
51.3
77.3
84.2
101.0
118.9
144.4
148.9
163.6
172.1
172.6
5.4
11.1
15.6
20.1
29.4
44.7
60.3
65.7
82.8
93.4
124.6
126.2
130.2
148.9
159.3
167.3
176.9
6.4
14.7
21.5
29.3
35.7
54.5
61.8
67.0
80.5
68.0
117.0
46.4
59.0
71.0
72.9
101.5
118.5
128.9
154.0
162.7
135.6
21.4
36.1
52.3
50.3
42.3
57.5
75.4
89.7
106.7
118.9
131.3
133.9
155.6
154.9
158.6
168.7
14.8
25.5
23.0
32.7
44.1
54.0
76.2
92.5
101.2
104.7
112.2
112.8
112.4
122.6
132.4
146.3
157.2
163.4
181.4
13.0
27.4
29.9
45.8
56.7
65.6
80.9
97.1
116.1
124.6
138.8
146.2
164.7
162.5
8.2
24.5
44.7
69.9
79.8
84.9
83.2
88.4
111.2
114.7
125.6
132.6
138.2
142.2
161.8
176.3
7.4
34.8
21.9
35.3
31.1
51.4
64.7
88.5
96.2
101.0
99.0
112.8
108.3
115.6
119.5
126.9
71.1
78.2
94.8
94.7
114.8
142.9
173.9
139.3
33.8
12.8
15.6
21.0
21.5
35.9
50.2
74.9
86.3
103.3
104.0
112.7
123.7
130.5
148.6
158.4
170.6
14.9
32.0
37.5
33.2
45.1
58.4
61.2
73.8
85.4
97.9
106.3
122.6
128.0
130.1
139.1
155.4
171.2
176.7
177.6
130.9
4.6
31.9
44.3
55.8
18.7
22.1
24.0
38.0
45.9
55.9
73.7
81.9
95.1
93.9
115.3
139.7
161.8
6.4
14.6
45.9
68.2
77.5
90.7
88.9
115.3
137.4
154.2
170.5
164.6
179.4
11.0
26.5
39.9
45.3
40.5
52.8
62.7
67.8
72.8
75.1
92.5
112.0
125.1
129.8
141.3
159.2
3.6
8.4
26.4
33.9
47.5
54.4
75.7
89.7
95.0
105.8
122.8
133.3
145.2
159.0
177.0
9.1
30.1
39.5
67.4
83.4
92.8
79.0
75.9
89.3
95.2
101.4
115.9
126.6
138.8
152.6
175.7
8.2
14.6
178.3
148.7
94.1
102.0
106.4
105.8
119.7
127.6
140.4
144.4
154.2
158.9
96.8
26.6
37.6
38.4
54.0
69.6
69.6
84.8
105.7
115.9
131.6
142.0
146.4
150.3
162.9
59.8
27.8
38.0
43.3
51.0
58.5
73.3
82.6
85.8
109.4
127.0
133.8
140.8
151.1
170.2
69.0
3.6
7.3
6.4
26.1
37.3
38.3
40.0
50.3
40.1
49.2
66.3
82.3
91.3
100.0
108.1
126.7
136.4
147.0
147.9
156.8
171.9
89.8
15.3
18.6
35.3
40.4
41.0
50.9
47.4
58.2
78.1
83.7
109.6
118.9
136.5
147.3
153.5
180.4
4.5
11.9
30.1
35.5
63.3
70.8
90.6
116.9
136.1
157.5
180.9
6.5
21.6
34.0
41.7
43.5
55.3
82.8
100.9
109.1
106.3
114.7
117.1
126.8
130.2
57.4
49.9
49.8
67.8
78.6
88.3
91.2
116.9
121.9
103.7
105.7
129.6
138.2
149.8
150.8
156.1
158.9
179.2
6.4
21.0
26.3
37.5
60.9
75.9
80.8
88.6
97.0
107.7
130.9
143.3
155.9
166.1
14.6
29.4
46.6
53.8
52.7
55.0
62.9
73.6
88.1
112.7
130.1
132.1
138.0
147.9
155.8
168.8
176.9
8.3
40.0
39.9
52.8
57.5
65.2
73.9
79.5
91.2
105.6
104.2
122.4
124.8
133.3
150.6
156.2
168.8
166.2
175.2
177.6
21.6
42.5
141.7
110.2
119.5
124.8
142.3
152.9
175.9
8.2
28.0
46.3
68.4
90.2
94.6
112.4
113.3
118.9
122.9
147.3
156.1
172.6
172.2
170.4
181.4
6.4
36.7
60.5
79.3
87.7
97.9
100.0
115.2
133.7
155.0
164.3
170.6
151.2
125.8
31.1
39.1
45.7
49.6
62.4
67.5
68.7
82.9
90.1
100.4
124.4
136.1
146.6
152.4
156.8
4.5
6.4
21.8
55.0
58.4
58.9
74.0
76.5
89.3
100.1
112.2
101.0
103.1
120.2
138.6
162.1
155.1
167.1
167.0
161.8
171.8
9.3
40.2
59.2
55.4
64.3
64.3
82.1
92.8
100.9
116.4
125.9
145.1
160.5
162.5
179.3
11.2
47.1
68.2
88.6
114.2
135.4
158.1
160.4
172.7
6.4
26.8
40.9
70.5
90.4
99.2
113.1
127.8
140.9
167.1
177.2
21.0
32.3
44.8
47.2
59.8
71.9
84.8
96.2
122.3
130.1
151.5
156.4
159.7
162.6
80.7
84.3
86.6
110.1
112.5
94.7
101.3
116.9
125.8
133.8
151.2
179.8
12.7
26.7
43.5
60.3
70.4
82.7
110.1
120.2
138.5
145.6
151.2
161.4
181.4
9.1
4.5
30.2
17.7
29.6
42.1
51.7
63.5
71.2
79.5
98.4
100.7
107.9
108.5
125.3
122.6
133.6
137.6
145.9
157.3
164.3
173.0
12.0
30.9
51.1
55.2
78.6
95.6
101.4
114.5
126.8
145.3
161.6
166.3
12.9
6.4
12.8
23.8
37.6
46.5
51.8
64.1
78.2
75.4
90.1
103.2
123.5
149.9
155.6
167.2
176.9
129.8
16.4
18.5
32.9
42.0
50.1
54.6
70.7
83.1
92.7
111.0
126.5
143.1
167.8
8.3
28.6
33.3
53.2
78.7
96.4
109.3
113.8
112.9
130.4
140.3
153.9
173.8
7.3
18.5
28.1
51.4
69.3
83.1
98.9
89.6
90.3
106.7
128.7
138.0
166.6
168.8
172.0
81.2
31.1
41.4
43.0
50.2
67.7
70.0
77.8
85.2
75.7
88.9
109.2
114.0
68.6
147.4
94.5
112.3
135.8
130.4
128.3
144.0
121.6
133.0
132.2
133.8
148.3
163.3
175.6
14.7
34.7
56.1
67.6
77.0
86.7
108.8
121.8
143.8
169.5
10.9
16.4
22.1
48.0
56.5
84.4
83.4
90.9
99.8
106.1
119.8
130.4
156.2
143.3
32.1
27.2
28.4
33.1
46.5
57.2
73.8
85.0
95.9
54.3
74.9
76.2
90.9
100.1
130.7
157.7
165.8
178.3
12.0
26.4
58.9
72.8
72.7
81.6
80.6
68.2
76.0
90.5
104.2
102.5
108.1
102.3
97.2
105.9
116.3
122.8
145.3
159.7
170.6
23.6
12.8
26.6
27.7
29.7
38.9
48.3
78.6
100.4
103.3
117.7
123.1
128.7
125.1
136.8
154.2
157.3
164.5
169.1
3.6
21.8
33.9
32.9
44.0
66.1
82.6
110.0
121.9
134.1
140.0
159.7
175.9
128.8
177.4
6.4
42.0
79.3
95.7
112.1
131.6
142.2
158.6
170.0
178.7
16.9
37.2
55.7
61.0
64.3
59.5
77.7
88.6
108.0
103.2
115.5
134.9
144.4
146.3
166.0
5.5
16.9
27.3
37.7
37.0
54.3
72.4
95.1
104.3
99.6
106.6
110.9
115.9
129.6
134.0
149.4
149.6
174.7
9.8
12.7
10.1
28.6
38.2
41.1
50.9
59.1
72.7
97.8
108.0
107.7
119.8
123.0
142.9
152.9
156.9
171.6
175.2
179.3
16.5
20.9
26.5
41.7
44.5
53.8
59.6
68.8
67.6
77.5
90.9
103.7
114.5
121.7
133.7
106.5
112.8
116.5
115.1
120.0
131.7
141.7
161.7
3.6
5.5
28.6
34.9
45.8
64.9
87.2
109.2
115.0
120.2
140.1
151.1
158.0
181.4
4.5
177.0
167.4
108.5
129.8
146.2
166.9
177.9
21.2
26.4
30.1
55.3
84.0
101.4
106.6
116.7
126.2
132.8
136.3
153.6
157.9
162.8
49.3
8.2
15.9
40.6
48.8
57.7
71.6
73.2
82.9
104.4
112.1
129.7
142.6
142.2
142.8
140.2
148.5
158.8
155.6
131.8
144.5
166.9
3.6
52.7
19.7
44.8
60.0
85.3
110.9
137.2
156.9
172.5
4.6
24.3
21.3
36.5
55.1
71.0
95.1
119.3
144.1
145.3
145.5
152.7
149.1
168.4
173.0
10.9
10.9
12.0
21.9
21.0
35.9
38.7
31.0
32.7
44.3
54.0
76.8
95.7
110.7
126.5
133.9
159.0
158.8
162.6
174.9
7.3
15.5
17.7
40.0
49.7
81.2
91.4
94.2
96.9
120.5
131.0
149.6
150.0
164.3
128.8
4.5
11.1
25.6
25.8
39.2
52.6
55.5
62.1
71.5
90.1
95.0
111.3
58.4
118.0
177.6
131.4
147.3
157.1
161.4
181.4
9.3
22.1
32.0
22.1
19.9
44.0
51.5
79.6
84.1
101.8
115.1
131.8
151.6
174.4
51.7
8.2
149.0
167.8
165.4
172.9
131.4
7.3
32.1
35.3
65.6
67.3
75.2
92.2
104.4
129.8
127.4
139.5
151.4
181.4
24.9
28.3
33.6
54.3
70.3
99.3
127.5
146.1
154.7
160.9
170.8
14.1
16.2
5.5
22.8
32.1
40.8
43.2
59.3
62.7
62.6
79.5
98.0
109.9
124.5
138.9
160.8
167.2
181.4
4.6
16.7
29.4
38.6
61.5
76.4
84.1
104.1
116.9
137.7
150.8
153.1
165.9
169.5
3.6
30.5
32.2
38.5
44.5
54.2
59.0
73.4
81.1
89.2
111.5
116.2
124.0
136.3
149.4
176.4
9.9
17.5
25.9
168.4
139.5
82.5
102.2
110.2
116.5
135.1
153.4
162.0
176.5
178.6
174.7
177.5
175.6
149.1
165.7
172.7
180.8
30.8
44.3
43.4
65.3
73.2
82.2
103.3
108.8
119.4
142.4
148.6
165.2
181.4
8.3
8.2
42.1
67.0
83.1
94.8
103.6
125.9
138.6
154.7
166.3
78.8
21.1
26.4
43.9
50.8
57.9
66.2
76.9
100.1
116.7
124.0
126.4
124.0
133.5
141.3
152.4
162.7
175.2
19.4
26.0
43.5
54.7
49.6
61.2
60.3
59.5
65.2
68.5
75.8
78.7
90.8
99.6
125.5
136.4
147.7
152.5
153.9
157.8
11.0
20.2
35.3
44.8
64.7
72.4
76.0
76.8
80.2
117.6
140.6
168.7
172.4
179.9
14.7
27.7
28.5
37.9
55.8
75.0
82.1
92.3
104.7
111.2
117.3
119.3
117.0
132.9
142.6
152.6
158.8
7.3
34.6
47.3
66.6
80.4
75.6
87.0
105.7
121.3
132.9
143.8
158.1
167.6
173.7
6.4
23.7
36.3
64.7
99.7
138.0
155.7
5.5
36.2
55.8
86.8
100.4
103.5
117.0
110.4
35.7
32.0
26.9
167.3
136.5
28.4
7.9
151.9
11.4
121.0
61.1
180.3
135.4
87.2
37.7
131.6
152.4
149.5
3.6
122.3
61.9
14.1
123.4
119.8
66.2
14.6
112.4
128.0
133.9
64.2
29.0
142.8
88.8
31.1
178.2
128.5
10.8
155.7
130.8
95.3
66.4
163.6
72.2
156.6
145.2
150.3
153.6
155.3
150.9
170.2
178.3
94.4
180.9
77.8
21.1
30.1
38.8
49.3
53.9
59.5
67.5
89.4
105.4
83.7
96.0
112.2
134.2
159.0
175.6
12.8
23.3
30.6
37.7
51.0
72.7
77.1
85.0
76.4
175.5
126.9
124.3
83.7
113.5
110.5
114.8
117.9
147.2
165.4
11.2
47.5
77.4
89.9
109.4
128.7
165.4
177.9
21.7
43.9
39.1
46.1
60.0
79.9
94.7
91.3
95.8
112.6
132.4
135.5
138.0
144.6
159.3
161.4
11.2
17.5
27.1
36.5
46.3
58.3
63.2
70.9
80.3
96.8
125.0
138.9
143.6
155.1
130.4
141.4
147.4
168.1
175.8
11.9
17.3
33.9
43.0
66.3
71.6
80.9
85.9
97.6
109.9
127.3
140.4
142.0
147.6
160.7
168.9
170.9
174.6
176.8
7.3
14.7
16.5
16.5
22.8
29.5
50.6
72.0
76.6
73.2
86.2
99.9
108.7
112.5
121.4
143.3
164.8
129.4
16.4
23.9
41.4
54.6
62.5
71.1
78.6
82.5
101.5
113.5
137.0
129.6
142.5
145.5
158.6
169.1
175.1
5.5
39.5
53.8
70.1
63.4
57.5
69.2
77.0
90.2
107.5
121.6
123.9
131.5
150.5
137.8
155.3
171.2
180.0
3.6
96.1
8.2
18.6
47.7
51.6
51.8
60.3
85.9
119.1
133.0
140.0
152.1
170.3
132.9
9.1
10.1
19.4
30.3
28.2
41.3
54.8
68.7
86.0
91.8
103.9
102.7
102.3
111.4
112.8
124.1
128.2
137.5
140.2
147.5
168.9
10.1
33.8
53.2
69.4
88.6
100.2
99.6
98.8
97.7
100.1
119.5
133.9
142.2
148.2
149.9
152.3
145.6
161.0
168.0
3.6
15.7
31.5
42.8
67.5
91.8
116.3
127.7
131.9
145.5
159.0
165.5
181.1
9.2
24.8
32.0
33.9
40.5
48.8
65.6
63.0
59.8
61.3
58.9
81.1
103.4
127.3
134.7
148.8
157.2
161.6
172.6
159.3
139.5
83.9
108.6
121.4
135.8
155.6
174.2
7.3
30.0
38.4
53.8
65.6
78.6
101.8
117.4
149.4
172.8
129.6
10.2
135.5
136.0
151.0
164.0
173.7
177.0
154.3
181.4
18.1
27.2
22.5
36.6
47.8
67.7
75.1
37.9
26.7
42.2
73.7
91.6
113.3
125.5
130.6
149.9
149.0
155.5
156.7
167.4
9.2
21.0
31.4
33.5
53.2
60.9
72.2
77.6
92.5
101.6
109.3
121.5
121.1
132.2
138.4
147.2
144.4
151.0
173.6
6.5
14.0
36.8
48.4
50.8
47.3
56.9
73.8
82.2
101.4
117.5
146.0
137.2
161.3
167.8
178.5
9.9
19.3
33.9
39.1
43.0
43.0
168.9
7.4
12.9
151.9
161.1
175.8
8.2
17.6
32.0
53.0
57.9
84.4
116.2
141.6
161.8
172.5
174.4
176.8
20.6
41.1
47.8
49.6
59.7
85.6
106.2
123.3
136.9
160.7
172.9
8.3
27.6
47.9
40.4
48.6
64.8
73.6
99.5
106.1
110.4
113.3
124.8
130.4
134.7
147.1
174.0
28.9
20.7
26.1
55.5
69.4
69.2
101.2
119.3
139.2
140.1
145.1
156.8
175.6
181.4
19.3
21.7
29.9
48.2
15.6
32.1
54.0
64.5
70.6
88.1
111.4
130.1
146.2
176.1
8.4
35.3
52.4
59.3
91.1
109.4
120.1
144.2
174.6
177.2
5.5
14.8
19.6
33.1
49.7
50.0
72.7
86.4
125.8
140.5
148.2
169.9
181.4
7.3
19.8
40.6
51.9
72.0
79.5
97.2
106.8
119.9
124.2
134.4
146.7
145.4
159.6
133.0
36.1
169.0
149.6
164.0
3.6
9.2
17.5
13.1
26.6
51.6
67.3
79.5
31.4
56.3
70.8
62.1
69.3
32.9
19.6
151.3
159.5
170.5
10.1
17.4
15.4
15.7
22.8
15.8
24.7
30.0
37.6
54.4
53.2
86.7
104.3
123.5
138.7
142.7
146.6
154.5
160.3
172.3
132.8
15.9
22.0
49.4
47.5
41.5
38.1
39.2
49.0
80.9
92.3
93.2
94.1
104.4
121.1
125.0
121.5
130.6
142.1
149.6
157.9
156.2
180.6
15.9
40.2
53.2
56.7
57.9
76.4
86.8
104.7
113.3
122.2
142.6
154.5
170.9
159.9
163.0
178.7
14.5
20.5
39.5
55.5
52.0
64.3
74.8
83.3
109.2
125.2
148.9
162.2
164.6
169.7
181.0
6.5
13.7
6.5
26.6
42.8
64.8
69.6
69.9
83.9
108.0
117.8
138.0
132.4
134.2
156.5
176.6
11.9
18.2
22.1
30.2
38.4
40.1
57.7
79.9
90.1
112.1
126.2
123.2
131.6
150.6
163.5
5.5
23.5
27.2
45.0
54.4
61.2
70.5
92.9
108.2
119.7
121.8
130.5
151.6
166.9
161.9
123.6
134.6
155.0
161.7
175.4
180.5
14.1
16.6
30.2
42.7
54.2
72.8
106.5
141.5
155.3
178.0
15.0
7.3
11.9
11.0
17.8
23.7
43.6
62.6
89.6
106.4
123.1
139.5
151.8
160.0
168.6
178.3
180.1
11.2
36.1
36.8
55.2
64.4
68.1
86.4
104.0
108.8
114.7
146.3
179.8
8.3
17.6
32.1
58.5
73.9
68.3
72.4
91.3
89.3
115.1
130.2
140.2
158.2
176.6
172.5
16.4
22.1
21.7
8.2
14.5
26.3
33.6
39.6
46.2
47.1
47.9
48.3
49.4
60.3
68.0
68.1
76.3
70.7
81.2
102.2
110.1
113.4
125.6
136.8
148.2
149.1
158.1
169.9
98.4
45.0
26.5
26.3
51.5
54.4
69.7
75.2
95.3
106.5
124.2
125.0
139.4
153.0
169.1
173.2
177.1
5.4
16.5
31.7
43.0
49.7
59.0
78.6
90.0
96.1
106.2
119.2
131.0
140.2
153.4
170.6
7.2
11.2
31.7
46.9
59.8
65.1
31.9
46.1
54.2
68.0
69.8
87.6
110.0
115.0
119.7
138.3
150.1
160.2
169.3
172.2
17.3
23.6
24.1
40.2
56.8
82.5
90.8
89.7
108.4
125.1
144.6
151.3
161.9
162.6
171.4
90.1
6.4
22.4
32.8
51.4
73.0
81.6
84.6
85.1
103.6
106.9
110.5
118.0
120.5
133.6
144.0
147.6
160.2
174.9
172.4
3.6
15.5
16.4
19.2
25.5
25.6
42.2
43.9
61.7
78.8
91.0
101.6
107.9
110.4
96.0
105.9
99.2
101.3
107.4
120.1
125.1
138.6
143.0
160.2
164.8
4.6
19.6
29.0
50.1
58.7
70.9
78.9
91.0
107.4
126.4
145.2
163.4
4.6
23.0
21.0
24.1
42.9
71.9
80.3
76.5
84.8
89.0
107.2
121.0
123.6
145.2
166.6
96.7
10.1
20.2
33.6
39.1
61.0
81.1
76.7
98.6
111.8
121.5
129.1
135.2
145.1
153.2
171.7
180.5
9.2
172.8
177.9
14.8
32.3
39.2
62.2
87.1
39.4
73.4
86.7
98.5
105.8
126.5
148.0
163.5
173.6
9.1
8.2
11.2
28.3
39.4
47.6
58.5
83.1
104.5
124.0
132.4
141.4
161.0
171.6
130.4
19.3
51.7
84.6
100.3
114.7
116.2
129.7
132.8
139.5
138.5
142.2
160.3
161.4
181.4
4.6
20.7
41.2
58.9
54.0
74.4
99.1
123.5
147.0
149.6
153.7
174.5
23.9
31.2
44.6
150.0
111.0
32.4
51.8
71.2
81.8
86.2
98.3
105.2
122.7
117.9
100.4
110.4
121.9
128.1
150.7
160.6
180.6
15.4
33.2
38.6
38.0
48.8
59.5
71.8
69.5
82.0
102.7
126.5
143.1
36.7
96.1
155.4
158.6
162.4
153.9
89.6
95.5
103.0
102.9
113.4
116.4
126.0
139.2
135.3
142.6
175.1
179.8
75.1
141.3
149.6
163.3
158.0
158.1
159.6
174.3
5.5
33.9
49.0
56.8
64.6
81.7
89.7
99.0
118.0
139.2
144.9
166.2
176.2
4.6
23.9
30.3
35.6
32.1
34.9
48.5
48.1
47.7
59.8
64.6
74.1
92.3
120.8
130.6
140.6
164.6
176.3
6.5
14.5
13.7
30.3
49.7
73.5
88.4
100.6
129.9
140.4
166.4
178.8
4.6
15.9
45.0
54.3
60.2
72.9
85.6
102.9
107.7
122.1
132.3
148.7
158.1
167.4
6.4
9.1
21.9
24.9
27.7
39.2
32.1
37.5
39.7
52.6
66.2
64.3
85.0
108.8
115.5
131.4
134.4
156.0
3.7
38.3
56.6
69.5
78.0
107.2
115.0
135.0
140.4
145.4
156.7
171.1
11.1
28.7
37.2
37.7
42.9
55.8
66.7
79.6
90.1
111.0
102.9
90.3
110.3
131.3
168.3
17.8
27.3
45.0
70.4
85.9
110.1
140.0
147.3
162.8
165.5
174.5
11.1
27.4
35.9
41.9
54.8
59.7
71.5
78.9
83.8
93.1
97.0
113.7
130.6
142.8
148.3
160.7
179.2
14.0
26.8
35.8
58.5
66.7
81.5
99.9
114.0
116.4
130.8
139.6
148.4
155.8
166.3
170.2
9.2
20.1
32.5
77.1
4.6
16.5
26.3
54.7
57.2
56.2
82.8
97.3
113.7
118.2
125.5
127.4
153.7
173.5
40.0
157.6
140.4
98.5
117.4
124.2
141.1
162.7
175.5
132.9
14.0
21.1
29.8
45.6
51.6
54.9
60.2
93.8
104.3
108.9
117.9
121.0
124.1
132.6
137.9
158.4
169.3
7.4
27.6
32.0
36.8
29.0
43.6
55.6
78.9
97.0
109.1
119.6
133.1
147.5
155.7
175.1
138.8
11.3
42.2
52.5
57.0
49.8
63.8
92.1
127.8
132.4
138.5
148.5
156.2
165.0
164.9
3.7
24.7
37.5
56.2
55.3
68.7
85.1
96.4
107.3
133.3
151.3
163.8
181.0
19.3
24.3
16.8
25.4
23.9
39.0
45.1
67.8
80.8
84.3
94.7
109.5
109.3
130.2
139.7
155.4
171.5
172.0
7.4
32.3
38.3
55.9
71.2
73.8
85.5
92.7
96.2
112.2
132.0
149.5
167.1
179.5
179.0
5.5
15.9
35.2
51.6
66.1
93.7
117.5
94.3
100.0
99.8
119.0
107.3
99.7
101.9
101.1
132.9
153.9
176.7
77.7
7.3
17.5
32.1
41.5
49.1
57.7
62.2
76.6
88.6
64.4
78.9
88.3
91.6
99.1
108.3
114.8
139.1
166.0
181.4
4.6
7.3
14.7
39.4
54.1
26.2
17.3
21.9
28.0
49.9
61.3
65.1
72.5
95.7
118.6
131.6
144.7
170.7
14.7
22.1
16.6
33.9
30.0
35.6
40.7
50.3
72.7
91.4
93.9
110.2
112.6
124.4
89.5
74.9
92.3
97.6
106.9
115.7
122.0
129.9
140.9
157.3
180.2
18.3
40.3
46.5
60.4
75.5
81.0
107.8
128.7
132.8
135.3
131.4
134.9
142.6
152.7
151.2
165.4
179.3
3.7
20.1
19.6
48.3
62.2
71.0
99.1
126.4
145.0
164.8
165.1
10.3
134.4
114.0
70.5
101.8
119.5
121.4
142.1
150.9
136.6
151.6
162.7
15.6
29.4
42.9
69.4
77.1
100.7
107.8
127.7
159.2
161.3
168.6
179.0
172.3
171.6
142.7
17.7
33.5
53.3
73.2
75.4
78.1
88.6
94.0
120.1
123.7
145.8
150.9
170.3
10.2
18.1
17.4
33.8
33.5
52.7
65.9
71.4
86.3
96.4
129.9
149.4
163.6
177.2
4.6
23.9
36.4
45.8
62.9
72.7
87.9
102.5
121.0
137.3
134.1
136.4
148.3
158.2
168.9
9.3
27.9
46.9
50.0
38.5
44.7
54.7
54.7
65.5
84.9
110.4
129.1
149.8
170.0
6.5
19.6
40.4
55.8
60.9
73.9
84.1
113.2
127.9
153.2
160.6
7.3
17.4
48.1
55.8
72.4
84.7
92.5
109.8
107.6
113.8
131.4
149.3
171.1
179.8
11.0
12.8
26.5
31.6
50.3
72.9
82.6
97.9
109.8
116.9
126.7
135.8
143.4
156.7
160.9
8.4
20.0
33.7
53.4
71.5
94.2
117.9
141.5
150.4
165.9
169.5
133.3
3.7
10.1
29.4
42.7
60.8
60.6
65.4
77.8
91.5
103.3
112.4
124.7
142.3
169.8
8.4
19.1
181.4
9.1
12.1
48.5
67.3
78.3
87.3
83.4
97.9
101.0
115.8
117.2
124.8
145.5
154.1
158.4
179.7
5.5
21.2
24.4
34.1
46.7
67.6
83.0
93.6
107.7
119.6
120.0
139.0
147.2
161.6
162.0
166.5
169.5
180.4
16.6
19.5
37.9
39.6
56.2
76.5
91.3
90.5
106.6
124.4
143.0
163.4
172.4
181.3
17.6
30.1
40.1
46.4
69.6
85.1
90.7
58.3
53.6
76.7
85.4
109.5
130.0
136.8
122.9
127.9
158.8
177.2
179.3
151.3
71.0
73.0
78.5
79.0
89.0
87.5
97.6
106.9
107.5
120.4
132.1
147.4
150.8
160.7
165.3
174.0
180.7
13.0
22.4
48.5
66.8
108.5
125.2
131.6
152.4
131.5
137.4
159.4
163.4
163.3
102.1
15.8
40.7
44.2
56.6
63.3
78.8
97.6
100.1
102.9
125.8
135.0
144.7
138.6
153.2
171.5
178.2
13.0
20.0
19.3
33.4
39.5
50.0
55.5
67.2
83.8
107.6
91.3
105.2
112.9
134.3
144.6
154.4
162.0
173.6
7.4
18.3
27.6
37.4
39.3
37.5
48.6
58.7
71.3
77.4
76.7
82.9
109.5
118.8
133.6
145.8
146.7
168.8
10.0
11.8
14.6
26.1
40.1
48.3
49.1
59.8
67.6
66.4
71.3
69.6
82.5
97.4
112.3
139.9
148.6
151.5
166.9
102.9
14.6
25.8
42.3
52.1
65.4
76.7
95.8
102.1
121.7
147.6
165.6
3.7
179.5
20.6
41.3
58.5
56.9
21.6
17.4
34.8
43.0
41.8
39.8
46.9
52.9
67.9
91.6
102.1
94.4
130.3
145.4
157.0
165.8
179.4
180.4
181.4
14.5
9.2
25.6
46.7
60.4
65.1
60.7
75.0
95.4
109.1
124.9
133.5
141.9
153.1
165.1
175.7
10.1
22.0
29.5
49.8
75.1
85.0
93.9
105.6
121.1
125.3
136.3
162.3
3.7
22.8
30.5
32.7
50.0
60.4
83.5
109.0
127.3
147.1
167.5
10.1
33.9
39.7
52.7
70.0
57.9
55.4
69.7
84.6
88.1
95.6
102.1
100.3
116.0
122.6
149.6
149.2
154.0
178.7
13.8
30.7
51.4
55.8
64.0
75.9
80.4
90.6
94.0
117.3
128.1
150.7
159.7
171.2
178.2
5.5
19.4
8.5
85.4
23.6
27.1
40.1
53.8
67.0
71.2
76.0
81.6
99.5
105.7
112.5
118.8
119.8
142.8
158.6
6.4
14.6
15.1
15.9
51.1
54.1
63.1
81.3
84.8
96.2
116.3
150.2
161.2
175.4
181.2
7.4
181.4
34.1
58.0
76.8
89.7
108.6
129.2
144.2
150.9
158.6
160.2
165.9
9.3
28.4
38.9
43.7
45.9
58.3
80.1
94.6
99.6
117.3
126.1
137.2
157.5
166.2
175.8
14.7
21.5
37.7
48.4
55.0
64.8
83.0
81.5
99.7
116.0
133.3
165.2
172.9
168.8
172.5
179.6
52.8
19.6
27.3
29.3
40.2
47.7
56.5
65.5
81.1
87.2
110.3
99.2
122.8
142.8
170.9
177.5
4.5
4.6
15.9
24.4
9.3
25.9
43.6
61.2
84.5
66.8
56.5
80.4
95.8
109.7
121.9
118.9
127.9
137.7
153.4
164.0
177.3
81.9
11.0
21.1
23.7
43.6
43.1
48.2
64.8
87.0
87.4
101.4
106.4
114.6
132.5
136.4
138.0
141.0
154.0
160.8
173.8
3.7
17.7
35.3
49.8
66.0
64.7
77.5
90.7
96.0
104.5
113.2
125.2
140.9
145.3
152.3
148.0
150.3
155.4
174.1
10.1
12.8
24.9
34.5
55.1
54.8
52.1
11.1
30.2
40.1
63.6
84.6
86.2
92.5
96.2
98.8
110.7
130.0
149.2
157.3
179.7
5.4
19.6
30.8
45.4
53.1
62.6
69.2
81.2
104.3
127.8
140.2
156.3
181.0
9.3
20.5
41.0
53.4
74.5
85.1
80.0
93.4
102.4
119.3
142.3
154.6
162.1
162.4
3.7
12.8
25.0
26.7
178.1
8.3
26.7
44.5
61.9
73.3
95.6
112.3
127.2
132.0
106.2
181.4
29.3
32.7
33.0
33.6
42.2
59.1
42.1
44.4
55.1
72.2
79.7
80.7
86.8
88.3
99.0
113.9
146.8
162.8
177.1
20.5
29.4
44.8
59.8
66.1
87.6
108.0
108.3
121.7
126.4
137.2
140.2
152.7
174.2
11.9
31.4
51.3
73.7
84.8
95.2
107.4
118.7
120.8
125.2
136.0
151.2
137.6
20.0
41.2
55.2
75.8
86.9
93.0
108.7
119.4
120.5
121.8
125.9
159.9
181.4
78.7
13.7
16.6
30.3
47.6
53.7
56.5
62.3
82.0
99.7
69.3
71.3
89.5
108.1
111.2
113.5
122.3
130.6
152.3
166.8
169.6
7.5
37.3
43.6
50.3
68.1
92.5
111.3
119.2
123.3
122.4
131.8
133.2
145.0
151.1
161.0
163.9
162.8
169.5
178.1
49.8
14.6
23.5
41.9
56.5
68.2
83.2
88.1
102.2
115.7
116.2
119.9
128.8
146.3
157.8
157.6
166.1
178.1
5.5
11.9
12.8
12.8
14.8
23.9
39.4
48.4
64.2
66.4
78.0
97.1
106.0
113.7
111.6
113.8
114.5
127.0
148.4
154.1
166.1
39.8
11.0
20.3
30.4
43.5
66.7
74.5
97.3
99.2
107.6
120.0
136.8
162.9
168.4
84.1
19.4
31.2
34.7
7.0
66.1
125.2
45.4
60.3
52.4
22.8
27.1
41.3
56.4
63.8
56.6
16.4
27.5
40.9
53.1
68.5
81.0
68.8
70.6
100.9
118.2
116.9
125.3
132.8
152.3
151.3
176.5
11.9
23.2
40.8
49.1
67.5
68.2
79.1
86.0
102.8
114.1
125.5
151.6
181.4
24.8
12.0
3.7
8.4
16.0
26.7
28.3
45.4
84.7
98.7
110.4
111.0
122.9
139.1
147.3
158.8
170.4
6.5
9.1
23.7
54.9
135.3
36.2
176.1
3.7
22.9
30.5
42.6
70.2
69.1
85.7
99.5
113.7
130.2
149.6
160.5
168.6
181.1
22.6
40.2
56.3
62.0
72.7
83.0
90.3
107.2
130.0
146.6
165.3
11.1
21.1
16.8
13.7
33.9
52.7
69.9
80.0
94.3
104.4
130.9
157.7
162.4
168.3
136.3
14.9
181.4
12.9
23.2
32.5
38.6
60.0
76.8
79.2
81.7
101.3
111.1
134.3
145.0
157.2
166.4
11.2
19.3
33.0
50.1
66.9
76.3
93.3
107.5
122.2
133.1
134.4
158.6
156.8
161.1
159.9
173.8
11.1
22.4
55.6
80.7
100.1
121.1
126.5
145.1
142.6
157.9
162.0
168.3
7.4
18.4
36.1
42.2
44.1
53.3
71.1
86.4
92.7
100.8
118.9
123.8
134.6
136.0
153.1
170.2
27.0
6.5
29.6
20.2
11.1
26.5
38.5
72.0
81.0
89.3
96.1
110.4
123.7
119.8
131.9
140.6
148.3
117.9
32.8
52.7
68.3
78.4
87.1
101.0
103.6
129.3
157.9
168.0
178.6
174.5
21.8
53.4
66.8
66.4
68.8
76.2
77.7
98.5
97.2
113.5
131.3
140.5
164.8
168.5
142.4
153.6
160.4
170.0
181.4
13.9
27.5
40.2
58.7
64.2
85.0
89.5
125.5
134.9
149.7
164.4
174.6
4.6
22.8
26.6
29.5
45.7
66.1
43.0
42.8
41.6
57.5
69.4
79.4
88.1
104.2
105.9
101.2
101.9
110.1
116.0
132.9
135.5
134.2
138.8
146.7
163.8
175.2
19.7
31.6
35.7
63.2
78.8
84.9
102.9
110.1
115.3
115.4
115.6
133.4
143.3
157.5
9.2
30.1
53.4
66.9
73.0
96.2
116.8
135.0
139.2
126.2
163.9
66.8
35.8
43.3
57.3
74.0
89.4
118.1
123.7
122.1
132.5
133.7
157.1
162.4
181.4
21.6
43.0
62.9
65.0
8.2
5.5
26.9
43.3
51.4
87.5
109.1
122.6
129.5
127.7
133.4
139.0
160.8
173.9
45.2
43.0
9.4
36.9
49.3
50.7
61.2
68.0
79.0
88.8
88.3
83.9
87.7
86.8
113.1
135.8
154.0
160.6
172.9
5.6
24.9
25.4
29.5
43.9
52.3
60.3
81.5
104.3
108.8
119.9
137.9
141.4
141.1
151.0
160.0
169.6
171.0
51.5
12.9
22.2
35.6
37.7
52.8
64.2
80.2
113.8
132.8
136.8
149.4
102.7
87.1
110.2
124.1
142.9
147.1
166.2
173.8
178.6
15.7
39.1
39.8
44.0
48.6
61.2
79.9
93.6
104.8
116.4
123.7
132.2
152.9
166.3
93.9
4.6
34.4
131.9
12.8
28.4
35.0
38.0
46.0
63.3
84.7
96.8
112.8
130.5
137.7
138.2
145.6
155.6
170.3
178.6
12.0
22.1
32.1
34.2
59.1
76.1
90.1
97.1
120.3
146.7
148.9
146.1
171.1
12.1
30.7
54.8
67.3
77.4
98.2
116.1
118.7
75.8
76.9
89.6
110.8
123.1
135.2
131.5
133.7
146.8
152.2
169.0
131.6
9.3
28.7
35.8
56.0
81.3
96.8
99.8
118.8
128.3
144.8
155.9
177.5
175.1
11.3
32.1
57.6
67.3
89.0
89.3
98.4
117.5
128.8
135.5
142.5
146.7
156.6
166.5
172.4
134.8
10.2
27.5
38.4
38.7
50.1
75.3
84.6
85.5
84.3
108.8
124.2
131.6
141.1
153.1
176.3
16.9
45.0
67.3
61.6
78.7
97.7
101.3
61.2
68.8
80.4
81.7
92.6
119.2
117.2
171.3
115.6
107.0
112.5
112.5
123.3
127.3
146.5
171.0
9.2
12.9
19.3
25.4
30.2
41.7
60.2
74.7
96.4
98.3
107.1
117.3
124.2
137.9
144.2
165.7
7.4
29.2
30.8
38.9
53.6
67.5
73.2
81.3
83.6
99.0
97.0
135.4
164.2
171.1
181.4
43.3
4.6
13.8
21.1
33.6
37.7
55.7
66.3
72.8
78.9
97.1
104.4
119.2
141.2
165.1
166.2
140.2
161.9
172.8
177.5
7.4
20.2
26.7
34.1
50.6
52.7
50.7
51.9
62.3
75.7
77.9
91.5
109.4
138.2
150.3
171.3
178.4
10.2
39.4
52.1
65.3
93.7
123.2
134.4
143.6
146.3
155.4
159.7
169.7
11.9
13.7
14.0
24.7
22.9
38.0
29.4
45.3
41.9
48.8
58.0
69.5
72.6
79.4
77.5
88.2
84.8
79.6
85.1
92.6
107.0
103.5
106.0
112.4
120.4
126.1
121.2
124.7
147.1
163.2
136.5
147.3
159.3
165.5
77.1
12.2
28.2
34.5
44.5
30.4
33.6
45.2
45.6
61.1
70.8
76.0
82.8
99.3
107.8
135.5
139.3
163.6
161.8
6.6
37.3
49.9
60.2
54.2
65.2
81.7
94.4
129.5
138.9
144.2
153.1
176.1
12.2
27.4
32.6
46.5
56.2
63.9
73.8
81.5
97.9
122.2
145.3
149.4
165.6
5.5
26.4
48.5
52.2
59.6
69.0
83.9
106.1
108.2
127.4
151.7
178.5
16.8
12.7
156.3
154.6
176.9
22.4
25.4
35.8
35.3
45.2
58.4
55.4
63.9
82.2
94.9
99.3
96.9
99.6
108.6
122.6
140.4
155.5
166.9
170.5
19.3
42.2
56.9
71.4
88.8
98.4
121.8
128.8
135.5
151.1
155.6
94.4
64.2
34.7
43.6
50.7
72.3
85.9
89.6
90.4
107.6
108.4
125.8
128.7
129.1
142.0
166.8
3.7
13.9
22.2
34.0
44.4
56.3
63.4
84.1
91.6
101.6
106.9
109.7
121.2
139.4
108.2
102.4
105.0
107.5
123.5
77.9
81.7
90.1
103.6
116.8
133.9
140.3
156.7
165.4
158.9
168.3
171.4
174.2
5.6
10.1
14.9
24.3
42.6
54.6
67.0
74.6
85.2
74.2
78.4
89.2
94.9
109.3
110.9
114.8
118.2
129.8
160.5
180.3
176.0
7.3
7.4
27.6
37.2
38.7
48.9
54.7
57.8
66.1
91.6
96.5
99.8
107.2
119.4
128.8
142.6
153.3
34.7
3.7
3.7
14.0
20.1
28.9
33.3
34.9
8.3
18.4
20.2
24.0
26.1
38.8
61.2
85.0
86.1
87.2
112.8
133.6
152.4
173.1
175.4
10.0
16.5
43.2
59.5
53.1
60.4
65.3
86.9
111.4
135.8
148.5
165.9
170.5
181.4
181.4
4.6
16.7
22.9
27.3
26.3
34.9
47.6
51.1
68.8
75.5
79.1
87.4
94.7
93.6
108.3
113.6
125.4
143.2
167.6
169.7
180.7
14.6
20.3
37.2
46.8
59.0
78.9
89.3
92.8
91.0
85.0
98.7
106.6
95.0
130.2
136.5
151.8
170.5
89.2
22.5
30.4
37.7
49.5
51.3
57.0
75.2
101.5
116.2
118.6
143.2
136.7
149.1
165.4
174.0
132.0
179.8
16.9
37.7
56.6
73.0
89.2
103.6
111.9
121.9
139.9
152.0
169.2
22.1
26.3
50.8
70.1
83.0
103.2
109.0
106.1
120.5
125.1
125.1
129.3
138.8
143.0
143.5
163.0
7.4
16.3
13.0
34.2
54.3
75.7
84.6
34.3
10.0
144.3
158.7
173.1
175.8
172.8
16.7
23.0
47.3
68.9
91.7
113.0
137.4
157.1
178.8
12.0
31.1
56.6
72.2
81.9
91.0
100.9
128.9
153.0
155.2
161.4
176.3
129.5
3.7
5.5
12.9
24.6
38.6
59.1
65.3
67.2
72.2
87.7
102.4
106.7
114.6
117.6
135.3
137.6
158.5
153.6
166.9
176.8
7.4
7.2
17.8
21.0
28.4
30.7
51.5
60.7
77.4
80.3
90.2
93.0
99.1
103.9
127.1
140.6
150.5
157.3
169.8
181.2
167.6
177.2
176.9
18.7
43.2
47.7
48.4
57.5
79.2
94.0
110.2
115.2
134.8
141.5
150.7
163.9
166.1
157.7
175.0
18.4
29.3
27.6
28.4
34.5
56.5
69.3
79.1
85.9
93.5
106.6
121.3
146.3
169.2
178.9
5.5
7.3
10.1
19.4
26.9
40.2
51.5
66.0
77.3
87.6
108.1
117.8
114.9
115.7
125.4
147.1
166.9
177.0
172.5
10.0
9.2
25.7
52.1
61.1
77.5
90.0
111.0
133.8
140.2
128.2
148.7
174.0
14.6
17.7
33.7
53.9
67.2
87.4
97.2
106.7
121.3
113.3
118.4
124.5
135.9
142.0
159.1
175.9
15.8
29.2
48.5
60.3
75.3
82.0
89.6
101.0
108.0
116.7
139.0
147.7
160.4
171.3
5.6
32.1
44.9
59.0
72.6
84.6
98.4
98.9
122.2
128.0
135.6
154.8
163.8
173.5
8.4
28.3
54.6
82.2
97.4
104.0
111.4
117.5
122.0
132.9
154.0
163.7
169.6
163.7
3.7
8.2
172.7
173.3
11.1
39.6
63.3
78.8
97.9
105.5
119.9
131.7
134.5
146.2
149.6
159.8
174.1
12.1
24.7
31.7
42.6
58.3
66.3
86.0
64.9
44.3
170.9
177.8
12.1
8.3
17.6
29.2
30.8
43.7
48.4
59.6
75.7
77.0
91.5
96.1
106.8
118.3
123.1
135.3
145.9
158.4
169.6
172.7
177.7
13.1
180.1
15.5
16.9
34.0
48.3
47.3
53.2
71.7
87.8
98.5
97.6
115.7
141.0
163.2
10.3
14.7
8.4
27.4
35.8
43.9
58.4
70.1
84.6
101.5
111.2
111.8
118.3
138.8
147.2
163.5
166.8
176.0
181.2
20.3
14.8
11.1
15.3
14.8
21.8
21.2
23.0
44.9
65.9
90.6
110.1
46.1
105.7
165.2
120.6
135.6
148.8
157.5
3.7
14.0
28.5
27.4
28.1
42.3
46.3
49.6
60.1
50.6
65.8
69.4
93.8
100.8
117.1
125.0
136.7
163.6
173.0
12.2
35.7
46.8
46.2
48.6
55.4
65.0
71.9
83.9
94.9
90.2
71.9
84.5
86.3
93.2
101.1
107.5
117.0
121.6
129.3
133.7
142.7
148.0
150.6
161.7
175.0
8.4
15.5
21.6
36.9
36.1
59.9
73.0
86.0
97.8
107.4
120.6
123.5
129.9
131.1
149.9
154.3
154.5
168.5
175.3
13.1
29.3
45.2
34.7
33.8
42.4
55.4
34.8
34.5
50.7
59.3
65.6
87.8
97.6
108.1
113.3
124.4
154.1
175.1
14.8
23.8
27.7
43.8
54.2
74.1
48.5
70.6
79.0
77.3
65.9
79.3
83.3
91.3
116.9
119.8
129.9
149.8
175.2
11.0
22.0
23.2
31.3
50.7
50.7
61.4
70.6
81.4
87.6
104.5
112.9
130.6
137.5
143.9
139.6
147.0
142.5
146.9
157.8
166.1
99.6
13.2
45.7
50.5
58.8
82.3
100.9
112.2
130.0
125.8
146.8
161.1
181.5
14.8
176.1
166.2
60.9
44.4
68.1
84.1
92.7
105.9
110.0
117.4
130.2
134.7
141.1
148.7
171.0
174.9
181.5
19.7
44.1
167.1
181.5
181.1
8.3
21.2
34.7
48.9
59.5
45.3
59.2
69.6
83.5
89.5
109.9
120.0
128.4
139.2
160.1
178.5
14.0
24.0
27.5
49.5
59.0
56.9
71.7
81.7
89.0
94.5
98.7
102.4
111.3
117.6
139.3
158.1
153.5
170.6
181.4
3.7
18.6
34.0
55.5
86.3
102.4
112.9
114.9
124.5
130.5
128.9
139.0
154.3
173.4
49.0
3.7
23.9
45.3
65.6
72.3
83.7
91.6
102.1
116.1
118.3
73.8
79.3
78.0
94.5
90.6
91.6
125.8
140.0
141.1
150.0
161.0
161.8
173.7
11.3
39.8
38.2
64.5
77.9
85.3
105.3
114.1
123.2
138.6
165.9
54.4
14.9
30.7
9.2
10.1
9.0
16.5
25.1
53.8
67.4
94.1
105.4
127.6
133.5
136.0
138.3
141.4
147.4
163.6
14.7
18.0
32.8
37.4
40.4
45.1
60.5
78.2
97.0
121.2
129.5
135.9
144.9
148.1
159.5
90.2
10.1
37.1
22.3
43.3
13.9
19.1
23.8
34.3
38.7
63.0
75.7
74.7
87.2
87.8
98.4
108.2
113.9
128.2
136.7
151.9
155.2
142.3
151.4
168.3
9.4
31.9
21.4
30.7
38.4
50.9
58.4
56.9
66.1
82.6
115.8
134.1
139.4
152.1
168.4
7.4
35.1
38.7
44.3
44.0
53.0
66.0
70.2
64.6
81.6
103.4
115.3
117.0
122.5
132.9
150.9
172.4
10.1
25.5
64.0
79.5
95.9
100.4
100.1
119.2
126.9
133.3
145.0
147.6
150.0
169.5
8.3
17.6
31.7
54.3
71.1
82.8
79.9
61.9
173.9
134.8
160.7
166.7
179.2
13.8
30.8
44.0
67.8
72.9
77.8
88.0
105.7
118.3
121.7
145.5
149.9
173.3
3.7
3.7
181.5
8.3
23.5
33.4
33.2
31.7
35.2
40.6
48.8
49.0
52.3
62.8
73.5
75.5
74.4
89.1
98.5
102.6
112.3
127.4
149.6
165.4
175.4
176.5
15.8
13.7
26.1
42.5
60.3
74.5
85.5
100.0
30.7
24.3
19.1
16.6
30.0
40.5
51.2
65.2
86.0
102.4
114.9
116.5
138.2
146.5
157.6
167.6
10.1
15.8
11.0
13.9
31.1
38.4
61.4
64.7
71.2
72.6
78.3
82.8
89.4
95.7
102.2
110.4
126.2
154.0
170.6
175.1
9.3
26.7
38.6
69.8
79.5
89.0
85.1
99.8
110.1
123.7
128.7
145.0
155.2
177.0
8.3
18.6
31.2
28.8
52.3
66.8
82.4
98.2
96.9
107.1
112.3
116.4
130.5
133.2
119.9
129.7
147.4
109.0
62.0
72.9
102.9
117.0
128.0
143.7
159.2
171.7
5.5
20.5
32.0
45.9
53.4
62.4
81.5
81.6
86.2
91.2
101.6
123.2
136.6
143.1
148.0
174.2
179.5
7.5
16.8
26.0
42.7
61.4
72.1
82.6
86.2
88.8
94.9
96.2
105.8
120.9
128.2
147.4
155.2
159.6
10.2
22.0
39.0
52.2
58.2
63.1
70.9
72.8
78.7
98.9
106.9
119.8
139.5
150.0
172.9
180.0
103.3
134.8
143.5
155.2
162.6
163.0
166.7
139.3
13.0
26.5
37.5
40.3
49.9
63.2
74.1
88.5
101.4
116.7
124.2
141.7
158.9
168.2
4.6
8.3
9.2
14.9
13.7
27.6
54.6
74.3
80.7
88.4
93.6
87.3
88.9
95.6
124.9
153.4
135.5
36.2
114.5
113.7
119.2
134.6
155.6
166.5
73.3
11.9
17.4
25.7
40.2
60.0
79.7
84.1
108.8
116.2
130.3
148.7
161.6
180.8
9.3
38.8
61.4
10.0
167.5
180.9
14.8
25.0
22.1
36.9
58.2
83.5
102.6
119.6
134.5
138.7
146.8
146.2
151.4
155.0
173.8
30.8
19.6
44.9
53.7
62.2
69.1
91.0
101.3
107.7
130.3
146.5
156.6
163.7
3.7
26.0
45.9
65.0
87.0
88.6
102.2
105.9
119.5
140.6
136.7
164.5
176.4
178.5
180.8
131.1
17.5
17.4
20.9
28.1
35.9
49.5
51.9
73.5
81.5
95.7
104.3
114.6
124.3
152.6
169.5
5.6
22.7
118.1
122.3
139.8
147.6
160.2
164.0
171.7
177.1
170.2
3.7
11.2
30.0
38.4
47.0
64.8
70.5
91.4
99.2
125.2
131.3
155.8
22.1
16.7
32.0
56.9
64.0
68.0
76.1
92.9
114.8
120.4
126.1
137.7
157.8
155.7
91.8
15.6
30.0
54.1
82.6
87.6
87.6
99.7
110.5
113.1
126.3
129.8
140.7
153.7
173.2
3.7
21.7
47.6
60.9
75.0
89.1
99.1
113.7
128.8
114.0
83.6
169.2
179.0
153.3
130.8
152.7
163.5
163.7
173.3
8.4
26.9
43.2
42.8
34.9
44.0
69.4
81.7
97.4
106.3
125.0
129.4
152.6
177.5
181.5
10.1
20.4
37.4
50.0
48.9
59.8
62.0
62.8
63.5
57.6
54.9
63.7
64.2
74.1
76.8
86.0
95.2
102.1
117.1
143.9
174.8
8.3
25.7
39.2
62.1
79.6
89.7
99.8
106.8
106.2
122.9
145.5
161.4
158.4
172.6
21.4
31.2
40.6
73.2
37.3
171.3
113.9
114.5
81.0
101.8
129.2
151.8
160.7
166.4
6.5
33.1
46.3
62.7
82.5
90.6
100.1
128.0
151.3
159.8
161.5
161.5
164.7
175.2
10.2
24.8
33.8
50.3
57.3
85.1
94.9
104.0
110.0
111.8
123.9
127.6
134.0
149.4
157.0
152.4
166.2
174.4
177.3
6.5
9.3
19.3
23.2
35.0
53.8
47.5
56.3
53.8
62.9
76.6
79.7
89.7
97.6
105.2
121.5
141.1
152.1
156.5
5.6
17.9
36.5
63.4
70.9
52.5
62.3
56.9
66.2
76.9
77.2
88.0
93.4
93.6
106.0
114.9
122.1
126.6
141.0
139.8
147.6
159.4
177.4
15.7
21.4
29.5
34.3
40.0
59.7
78.4
92.3
108.9
129.9
159.9
173.4
9.3
16.6
18.5
29.0
31.6
50.3
70.6
74.8
81.0
101.5
101.3
123.5
143.4
158.5
164.1
167.6
175.0
30.3
28.2
40.9
51.2
82.0
95.6
106.2
105.5
111.9
132.2
137.2
147.7
160.0
155.4
155.9
167.6
117.3
123.8
140.1
158.0
159.2
4.6
24.8
35.1
57.3
79.1
107.2
134.3
164.3
9.2
76.7
37.4
56.3
76.2
102.8
119.5
134.6
147.0
145.2
158.7
171.9
3.7
24.8
21.9
34.5
63.4
86.2
94.2
105.4
129.3
153.5
154.7
164.8
166.1
11.2
15.6
25.4
29.1
22.7
41.2
58.0
59.3
70.4
87.4
88.1
108.1
121.8
135.6
136.6
149.9
166.4
3.7
17.3
14.0
40.6
55.3
59.6
74.5
79.9
54.5
81.0
102.5
123.4
139.8
151.3
175.3
4.6
14.1
26.8
44.9
54.1
62.3
74.8
103.2
121.8
133.0
147.4
161.7
175.4
14.7
22.2
35.4
56.7
69.0
39.6
154.5
144.2
164.2
179.4
7.5
27.1
47.5
75.6
102.9
109.2
133.6
148.8
154.8
159.9
166.6
178.8
8.4
26.4
40.0
42.2
45.3
51.6
66.8
80.0
81.0
81.1
97.0
104.9
112.1
115.7
129.8
137.7
143.3
162.2
8.5
32.0
60.5
56.3
69.2
68.9
85.7
101.5
126.5
133.8
132.9
154.8
167.2
176.3
5.6
16.6
17.6
18.8
31.8
40.8
40.7
48.4
66.5
82.8
102.3
119.9
128.7
153.1
163.8
16.0
35.8
46.0
54.5
82.9
87.3
96.3
108.8
139.6
151.4
153.6
156.8
156.6
169.8
177.4
3.7
11.0
23.0
42.2
76.0
95.2
105.9
114.3
123.7
149.0
153.1
160.5
169.3
175.7
157.8
168.4
171.2
173.8
168.6
6.5
15.6
21.1
18.4
6.5
25.4
30.3
49.4
64.1
68.8
89.5
107.3
139.1
144.5
158.1
178.8
13.9
24.0
30.3
56.9
82.7
86.5
93.5
101.9
106.6
118.5
131.3
142.4
150.8
147.5
156.4
162.5
180.2
10.2
30.6
38.2
42.1
59.8
66.4
74.3
96.4
103.7
115.6
123.4
130.3
139.8
156.4
169.2
169.3
177.1
16.5
22.8
29.7
42.2
47.7
63.3
68.5
75.1
82.2
79.8
88.5
92.8
109.6
123.9
139.0
153.8
160.1
154.5
154.7
159.8
181.0
11.1
22.9
15.9
27.9
29.4
52.8
69.8
94.9
103.7
109.6
128.2
141.9
165.0
165.0
172.3
181.4
133.6
3.7
6.5
20.3
25.0
48.5
57.2
75.9
102.7
122.9
131.3
146.3
127.0
125.6
47.6
107.2
166.8
152.5
156.0
157.9
154.3
157.9
166.0
172.4
16.9
43.3
72.7
86.1
58.0
87.1
170.1
133.6
85.8
100.9
102.0
100.4
129.8
140.3
144.8
153.4
157.7
174.5
96.9
16.6
22.9
26.9
8.4
16.6
22.2
44.6
60.9
79.7
83.3
85.1
100.6
111.1
145.6
142.9
147.0
155.1
157.1
170.8
170.8
172.8
5.5
9.2
14.0
30.2
54.4
74.8
104.8
116.1
138.4
154.3
173.3
11.9
20.7
43.4
57.4
64.3
54.2
70.1
102.9
135.6
159.3
165.2
171.0
175.0
74.5
6.5
7.4
9.3
32.0
56.5
72.5
94.1
101.2
130.8
132.3
149.1
157.0
169.0
8.4
9.3
20.8
49.8
66.4
68.5
66.7
49.7
62.8
81.9
95.9
106.1
123.4
132.5
148.8
166.8
3.7
33.3
48.2
55.0
63.0
84.0
106.6
122.9
130.2
151.2
167.4
171.6
170.3
170.7
11.9
9.3
28.3
38.0
35.7
63.3
70.7
85.1
93.6
91.9
106.6
120.9
123.5
125.5
135.4
145.1
165.3
181.5
180.5
19.7
38.2
43.9
52.5
54.7
61.6
69.4
82.1
92.0
86.4
80.7
92.7
108.1
112.8
115.7
126.3
148.9
157.0
173.0
177.8
21.4
93.3
180.1
17.5
24.1
31.2
33.0
42.1
58.5
72.4
71.0
80.0
97.2
107.2
118.1
125.9
133.6
142.9
158.9
163.3
8.4
26.5
31.1
43.3
64.4
76.0
90.6
109.3
131.6
153.7
175.1
180.2
17.6
40.4
43.0
49.3
55.7
63.9
69.1
66.1
77.0
86.5
117.8
136.0
137.9
132.7
138.3
164.6
172.4
127.2
19.3
32.0
33.0
48.8
70.6
97.7
119.2
130.2
138.7
148.0
159.0
160.3
172.1
8.3
170.1
178.2
4.6
20.5
30.9
37.3
60.3
77.5
93.8
106.0
110.3
126.3
88.1
63.6
30.8
39.6
58.7
70.8
93.4
103.0
106.0
118.5
119.0
121.0
130.6
137.1
152.6
152.0
169.0
175.6
174.3
179.3
178.8
12.2
34.9
67.6
88.2
102.6
104.4
119.2
125.1
137.2
142.5
164.6
178.8
5.6
8.3
10.1
17.9
29.5
36.9
51.3
59.2
58.5
74.2
82.1
92.6
106.9
126.6
143.8
166.9
76.1
21.7
19.7
180.0
8.3
22.0
24.2
28.4
40.2
53.2
58.0
69.9
80.5
85.1
88.9
105.4
122.7
127.4
129.8
141.3
151.8
173.0
169.6
84.1
13.2
42.1
61.9
80.1
91.9
105.3
135.8
140.2
138.4
135.7
136.3
139.0
143.8
156.4
179.0
91.2
13.9
30.9
44.6
60.7
61.4
85.3
99.9
107.4
126.3
140.3
153.9
160.8
172.9
131.5
24.1
27.5
45.4
78.9
104.3
130.3
131.5
147.8
166.5
173.8
76.5
177.0
160.5
168.3
8.3
22.3
46.3
65.7
69.1
76.9
93.7
107.8
108.3
118.0
127.5
126.4
142.3
145.4
164.0
175.2
6.4
26.4
53.7
74.1
80.4
91.5
95.8
100.5
104.6
102.8
119.8
127.3
140.3
153.1
159.1
166.9
173.9
178.4
4.6
4.7
34.9
56.4
85.3
95.9
97.8
110.4
117.2
131.9
137.6
145.8
149.9
160.5
6.6
23.7
33.0
38.5
48.9
59.0
70.3
81.5
101.2
107.4
109.6
123.4
114.0
87.8
110.8
120.0
139.1
139.7
148.8
156.9
178.6
6.5
12.0
32.4
45.4
60.2
87.7
95.7
100.0
103.8
117.7
134.5
146.7
154.1
170.6
180.8
15.8
27.6
30.1
48.1
65.4
75.4
89.3
124.1
130.4
137.6
148.9
167.7
181.5
5.5
140.2
90.4
83.2
90.9
115.8
145.5
175.9
181.5
11.2
31.2
58.7
68.3
81.1
91.8
110.1
118.1
133.4
142.4
152.3
161.4
169.1
173.8
8.3
18.6
4.6
12.0
135.9
145.0
149.3
174.1
179.3
133.0
9.2
16.9
29.3
38.7
56.6
59.2
64.4
71.2
97.0
100.8
108.0
109.5
118.2
129.0
152.4
167.3
11.2
22.0
38.0
40.7
55.6
70.3
80.4
83.8
93.6
104.8
107.5
119.2
139.6
176.9
8.4
20.2
26.4
41.5
44.6
67.5
79.9
89.1
93.8
100.6
109.8
106.6
116.4
149.3
177.5
130.7
24.3
42.4
68.1
86.4
104.3
112.5
124.4
139.9
168.4
21.1
31.6
181.5
5.5
12.2
24.8
17.7
32.2
49.0
61.9
68.4
75.4
103.0
125.9
134.2
147.0
156.5
164.8
172.7
11.2
33.3
36.4
42.4
65.7
85.2
111.9
129.8
131.0
135.9
145.3
154.9
168.1
12.1
27.5
30.8
52.4
74.9
93.0
110.5
117.4
139.9
155.9
172.4
78.7
30.5
41.7
42.1
52.7
66.4
82.4
88.5
114.0
111.4
130.0
138.9
170.5
170.5
166.3
8.3
32.7
45.2
58.8
77.7
87.5
99.0
72.8
82.2
65.7
77.8
93.5
104.9
111.7
116.4
132.9
149.2
168.0
163.4
11.1
18.7
25.7
43.5
37.7
55.4
67.2
86.8
107.7
115.5
127.6
133.7
138.7
149.5
163.5
165.9
172.7
13.0
29.2
37.8
34.4
38.5
48.3
52.9
55.9
64.5
85.3
101.0
128.2
132.7
127.1
135.1
141.3
145.7
153.1
165.9
168.8
177.5
20.6
17.5
17.4
18.5
24.9
34.7
40.7
43.8
53.6
77.6
86.5
90.3
87.0
100.4
103.2
158.8
177.3
5.5
13.1
23.6
28.4
32.1
54.3
69.7
79.6
90.6
92.9
104.3
97.8
124.2
136.2
143.1
163.8
181.5
25.8
45.1
64.0
83.8
90.9
112.7
140.8
143.5
160.5
170.5
181.5
10.2
21.2
31.7
31.3
38.4
56.2
67.5
79.1
83.0
82.2
99.0
116.0
119.6
114.9
120.0
126.0
131.4
147.2
159.3
180.7
15.0
41.3
58.8
63.4
72.5
95.6
123.9
126.0
137.0
144.1
76.4
168.4
136.8
134.3
159.0
169.3
173.5
13.1
11.1
21.5
37.8
47.3
66.5
73.4
88.9
99.8
115.6
129.2
130.0
151.6
165.0
170.8
173.1
170.5
180.4
75.4
5.6
11.2
16.5
27.8
36.9
52.4
65.0
65.2
75.8
89.6
96.3
99.9
88.9
106.0
119.3
151.3
161.9
181.0
10.2
29.5
37.8
42.2
51.6
65.4
70.7
80.0
86.1
90.9
96.7
107.9
119.7
131.5
149.2
154.9
157.3
161.5
180.4
7.4
9.8
155.1
172.5
180.7
6.5
25.0
30.7
42.8
53.6
61.6
76.5
91.8
103.8
105.5
114.2
128.1
144.0
152.5
164.5
179.4
5.6
18.2
36.5
58.8
70.3
79.7
90.9
115.4
122.4
134.6
147.5
158.0
178.2
19.4
22.7
25.0
28.4
39.6
56.0
68.3
88.5
116.1
133.1
137.4
157.5
167.6
7.4
13.9
29.9
38.5
40.3
44.9
55.3
81.4
94.4
100.3
102.6
116.2
129.6
148.8
145.7
148.2
162.5
175.0
161.2
164.7
181.5
12.8
31.1
45.6
51.5
66.9
86.4
95.6
114.0
137.4
137.2
142.0
158.2
172.9
4.6
8.2
14.6
26.4
25.7
31.5
38.8
43.1
56.8
74.0
91.4
4.6
40.4
129.9
173.7
21.3
9.2
16.0
32.9
35.4
47.5
45.1
50.9
63.4
75.7
87.7
101.1
114.9
137.0
142.4
170.7
175.4
49.4
25.9
29.0
47.8
54.3
60.8
71.3
77.7
91.3
97.4
117.0
129.9
148.3
160.0
175.8
142.6
156.8
172.8
6.5
20.4
34.9
53.8
72.0
86.0
83.3
110.1
122.7
129.6
148.3
158.7
7.5
24.2
46.2
68.3
76.6
111.8
134.8
155.6
167.7
176.5
14.9
28.7
33.3
48.5
59.7
82.5
96.8
99.3
110.6
122.7
123.7
145.5
167.9
181.4
14.7
26.5
34.7
46.2
63.9
88.9
95.5
105.8
108.0
120.4
125.5
138.4
145.8
140.3
144.6
173.0
8.3
21.2
18.3
35.0
58.9
71.0
95.5
124.5
64.3
62.1
73.4
83.3
96.2
119.9
127.8
138.1
143.3
147.4
161.4
170.4
14.1
33.6
41.3
61.2
68.2
81.0
106.6
127.5
140.3
148.8
161.5
10.2
32.6
39.0
64.4
74.9
80.9
90.5
116.9
140.5
153.5
159.4
166.6
180.2
10.1
13.1
23.6
44.4
58.5
81.6
79.1
86.3
109.8
141.5
163.2
165.9
4.6
5.5
13.8
27.0
57.8
77.6
98.6
100.4
109.1
111.3
125.1
130.1
143.8
156.9
167.8
174.6
159.7
172.4
5.6
11.0
21.6
44.3
57.0
72.6
83.5
100.4
108.2
113.2
137.6
144.6
163.0
177.3
4.7
17.8
25.6
20.2
18.3
25.9
34.0
45.0
49.2
67.5
76.7
92.4
108.3
119.0
129.7
138.1
140.7
154.1
158.2
172.2
15.1
28.9
44.0
53.6
72.7
97.8
110.1
131.5
145.0
156.8
163.1
165.4
174.7
3.7
64.4
172.5
82.9
75.2
92.6
96.2
116.2
157.2
171.9
4.7
26.3
51.4
32.2
14.1
39.0
66.0
90.7
101.3
101.3
109.1
117.6
138.2
151.6
157.0
166.0
6.5
12.2
29.3
34.6
52.0
62.7
75.1
77.4
97.5
103.9
126.8
142.4
145.2
151.0
152.9
163.6
4.7
16.6
31.3
40.4
52.5
67.4
80.3
78.6
87.7
111.2
116.7
136.9
166.8
5.5
4.6
11.1
21.9
22.7
26.4
22.0
37.0
45.0
44.8
48.1
45.4
55.4
74.4
85.3
92.4
94.5
102.0
108.1
124.7
147.0
152.2
116.4
118.2
125.7
132.0
139.9
148.9
153.3
167.2
172.9
175.8
171.7
180.0
13.2
28.3
40.9
52.3
69.6
81.6
95.2
103.3
122.7
122.2
125.8
149.5
159.4
171.8
3.7
7.2
18.6
27.7
34.9
51.5
59.9
65.6
70.3
65.1
67.1
85.5
101.4
35.5
95.1
154.8
145.3
144.6
151.8
160.7
181.3
31.2
29.9
56.2
77.3
85.9
86.2
86.1
101.2
113.1
141.9
160.8
170.1
139.4
7.3
177.4
16.6
27.7
50.2
53.1
18.6
37.5
42.9
58.2
69.3
78.8
79.4
89.0
109.3
117.5
124.2
141.1
153.2
163.3
5.6
22.3
25.5
25.6
30.0
55.2
59.6
57.6
79.7
108.4
114.4
120.4
121.6
135.6
151.4
157.5
159.5
174.4
178.9
13.9
21.2
17.8
29.3
32.1
36.8
53.1
75.3
97.0
104.0
123.8
128.9
149.8
155.9
144.9
155.8
161.8
178.5
12.0
15.7
35.4
43.5
56.3
73.1
73.1
83.4
97.1
132.1
150.5
156.1
124.5
127.1
140.7
155.3
152.5
167.5
118.4
181.5
11.3
22.3
31.4
44.9
51.4
65.1
47.8
107.4
41.1
55.6
61.7
68.6
82.1
88.3
110.9
132.5
147.7
173.0
23.1
6.5
15.7
15.8
24.8
45.1
56.5
82.0
107.8
130.5
132.7
149.3
169.5
174.2
8.3
19.5
34.0
49.7
59.3
58.2
75.9
91.7
103.8
101.1
118.0
128.3
148.6
160.8
170.1
177.2
5.6
12.9
13.7
15.9
29.9
47.2
46.2
25.0
26.3
30.0
39.9
41.5
65.3
74.6
73.7
81.9
92.5
120.0
133.9
141.3
157.6
179.1
178.9
9.4
18.4
21.3
36.0
59.8
85.2
81.5
83.3
92.8
98.0
105.8
114.7
126.9
146.5
160.0
160.4
166.6
168.8
175.8
10.0
79.0
6.5
13.0
31.0
49.3
53.2
45.8
62.3
65.7
79.7
82.1
83.4
100.5
121.9
133.8
150.9
157.6
164.9
181.5
30.2
37.9
49.6
57.7
60.8
65.7
76.8
85.9
166.2
176.5
8.4
26.0
38.5
44.4
56.5
67.0
91.5
113.7
129.0
132.0
139.1
147.5
150.2
168.5
10.3
35.9
62.6
44.2
94.0
166.0
173.4
177.0
181.5
177.2
11.9
19.3
30.4
38.3
47.3
48.8
49.2
48.7
62.5
73.9
83.5
100.8
102.7
109.5
116.0
136.0
147.4
151.3
157.8
171.8
7.4
17.3
22.0
22.8
25.7
28.6
36.0
58.3
65.8
66.1
72.1
80.8
92.9
97.4
110.1
119.6
129.4
137.8
119.9
127.5
135.0
161.4
169.9
174.5
13.9
18.3
18.6
22.0
29.3
34.7
45.5
48.1
53.1
60.8
63.7
76.4
108.3
116.1
125.8
131.2
142.6
161.6
3.7
15.2
34.3
36.7
63.8
73.5
72.3
78.9
93.4
117.8
125.6
126.3
132.9
135.5
122.9
48.0
156.8
157.7
177.1
18.3
29.6
42.9
56.8
65.1
74.7
86.5
105.1
111.6
125.1
155.9
162.2
161.5
162.2
162.3
175.2
80.3
18.3
32.7
43.7
21.3
44.1
45.9
59.7
58.8
71.6
91.3
110.3
127.6
123.2
129.0
136.6
149.1
176.0
165.4
13.2
39.9
61.9
62.6
63.5
69.2
86.6
102.5
120.3
130.7
153.4
171.0
42.7
8.3
16.6
36.9
55.3
65.0
92.4
103.8
114.9
125.8
138.0
145.4
165.0
179.6
3.7
12.9
23.0
35.5
36.5
38.4
45.5
66.5
74.8
84.0
84.1
89.8
111.9
123.6
128.7
149.9
167.7
175.0
177.0
12.0
20.6
16.7
5.6
15.6
26.3
57.6
71.1
72.1
87.4
99.3
112.1
124.9
139.1
155.2
167.8
3.7
8.4
15.9
27.2
23.0
32.2
47.7
46.6
54.9
68.5
87.6
103.9
117.0
129.0
136.2
146.4
140.0
162.0
181.5
8.4
18.7
29.3
39.5
47.1
58.0
65.7
68.3
73.7
106.7
107.2
115.8
118.4
136.4
149.6
163.0
171.0
171.7
174.9
13.5
14.7
14.0
30.2
41.1
52.7
45.5
55.3
62.8
71.8
104.9
110.0
81.9
102.5
122.3
134.2
141.5
166.7
7.4
17.9
36.7
38.5
50.9
74.4
88.0
95.4
103.8
113.2
132.5
142.9
160.4
172.3
176.6
7.5
24.0
25.8
29.6
31.8
50.0
62.4
73.8
87.9
120.0
145.9
172.7
15.5
13.8
19.3
40.0
66.2
70.6
94.2
114.8
124.0
137.0
141.6
144.4
146.7
152.5
173.6
82.2
12.0
16.6
22.4
47.3
57.8
60.2
63.1
75.0
78.5
93.8
117.2
140.2
163.5
144.7
102.6
116.8
7.2
135.7
31.2
32.0
54.4
74.7
83.4
113.1
118.8
125.5
127.1
151.7
158.7
173.8
181.5
144.4
8.4
18.4
25.6
37.8
59.2
70.9
94.1
117.4
132.7
146.5
155.2
165.9
180.0
4.7
12.8
15.7
31.1
53.8
70.2
66.4
82.7
74.2
106.4
124.4
141.6
150.1
159.0
180.4
31.3
3.7
12.9
18.5
22.2
39.2
53.0
70.5
78.7
87.6
95.1
106.1
119.3
123.4
138.7
154.0
164.5
151.3
160.9
175.3
9.3
11.1
154.8
159.8
169.8
15.6
35.0
57.1
77.6
91.9
100.1
103.1
108.4
118.0
154.4
162.5
144.6
143.5
149.9
155.2
173.9
20.1
28.2
44.4
51.1
67.5
77.4
89.6
124.8
147.5
165.3
170.1
177.0
3.7
27.3
29.0
50.5
56.6
63.7
67.7
70.5
94.0
87.0
105.1
115.9
121.2
129.2
130.2
129.1
135.7
146.9
173.2
5.6
27.7
35.1
54.7
69.5
69.6
89.6
98.0
104.6
94.3
101.6
108.1
131.0
150.6
155.9
174.4
24.8
56.2
70.9
80.7
87.7
104.2
109.9
129.0
137.6
145.9
158.9
156.9
175.6
179.7
14.8
15.6
159.5
176.3
94.4
74.3
15.0
105.1
75.3
159.4
107.9
32.1
181.3
49.8
67.0
110.7
103.6
22.1
146.9
12.4
90.1
68.1
116.7
86.0
144.4
157.7
138.9
136.6
146.7
157.7
166.7
179.8
138.7
7.5
15.9
17.5
8.4
21.5
32.2
45.1
64.6
47.2
47.3
59.8
67.3
92.0
94.2
97.1
113.5
148.3
166.2
162.7
172.8
178.2
179.6
119.9
70.2
79.5
77.8
83.3
100.3
94.1
101.4
106.7
108.2
120.5
117.5
130.9
181.3
116.1
157.8
56.1
11.8
148.9
138.3
158.4
79.3
98.2
114.5
114.0
60.0
68.8
78.8
102.5
131.7
160.3
151.7
164.1
156.9
149.9
137.7
124.5
135.4
161.6
169.4
3.8
180.1
8.1
160.6
97.5
73.7
52.7
163.5
32.5
38.1
22.2
28.4
49.2
54.4
62.7
65.8
78.3
93.0
111.7
128.5
138.8
130.9
140.9
142.2
136.9
146.2
157.8
179.2
170.7
162.2
136.3
133.8
140.5
165.0
174.5
179.3
130.9
10.2
23.3
41.1
31.7
49.8
150.8
107.5
58.5
41.8
14.9
112.5
45.1
43.6
17.5
144.6
132.5
175.4
158.6
87.5
45.3
22.4
73.9
179.8
47.7
4.7
4.7
25.9
28.4
29.2
39.9
52.8
70.3
73.2
70.9
76.2
77.4
97.6
44.9
39.3
153.7
161.0
160.8
178.1
13.5
104.3
42.5
21.7
158.6
114.9
112.3
169.4
54.9
49.7
43.5
51.0
52.2
51.3
43.7
43.4
40.1
34.1
35.8
33.3
48.0
43.7
45.4
40.9
23.7
16.0
22.5
159.1
81.7
87.3
92.5
73.8
63.6
69.3
78.4
83.9
83.7
79.7
90.4
94.9
89.8
88.3
92.8
94.2
98.5
139.0
58.8
67.9
114.5
128.0
128.9
61.0
5.5
150.6
114.8
114.1
120.7
30.3
159.7
117.6
94.0
67.3
124.0
167.3
72.0
122.5
60.2
36.6
103.8
78.1
45.7
34.2
37.4
171.6
3.8
14.9
19.2
27.1
10.1
3.8
130.7
10.4
30.0
43.3
35.5
15.2
90.2
148.8
112.9
128.4
51.9
32.6
17.3
169.3
146.1
154.0
145.4
147.9
151.7
155.9
145.6
136.9
151.6
150.0
158.3
163.7
149.4
139.4
127.3
94.4
34.9
34.2
31.4
39.1
27.8
35.8
19.1
31.1
30.7
41.1
11.5
4.7
4.7
6.5
28.3
27.5
24.9
40.6
62.6
79.4
78.8
98.5
82.7
68.5
47.8
37.7
47.9
54.2
64.9
67.0
79.4
83.9
87.9
105.6
119.1
132.1
137.0
137.8
143.2
152.0
168.0
12.3
50.8
72.0
84.5
101.2
110.5
117.4
125.9
131.6
137.1
136.6
125.7
126.3
143.7
143.5
150.1
148.2
156.1
168.8
125.7
10.2
16.7
27.8
31.4
38.3
46.8
62.6
78.1
102.2
117.8
126.6
127.7
134.9
116.2
116.0
127.7
137.5
153.3
148.6
149.9
163.0
164.2
4.7
24.1
39.1
46.8
55.5
77.1
84.1
103.2
122.5
141.2
155.2
160.1
174.6
75.1
29.9
136.1
3.8
11.3
40.4
50.6
63.5
75.3
82.4
84.3
101.5
111.3
119.7
127.6
133.9
161.6
5.6
16.6
30.0
41.9
62.1
70.4
71.1
80.9
98.9
123.2
142.6
144.8
168.6
150.3
122.1
126.6
107.2
129.9
123.8
86.4
42.0
175.0
39.6
132.1
167.7
80.0
16.7
19.8
175.1
131.4
88.0
64.7
42.4
22.5
7.4
3.8
161.7
165.1
175.8
175.9
19.4
144.7
104.6
90.7
178.4
32.8
82.6
135.6
149.8
14.8
109.4
109.3
12.6
75.3
50.7
25.6
98.8
85.4
87.0
30.7
29.6
74.5
76.3
74.0
91.9
3.8
17.8
20.9
167.7
157.7
157.5
132.0
99.4
95.9
34.9
19.9
166.5
45.9
102.9
37.2
152.3
19.9
86.6
42.8
48.2
31.8
4.6
112.8
71.7
36.8
12.7
15.1
29.3
130.5
147.0
91.8
105.8
103.4
48.6
61.1
155.6
75.5
154.3
135.0
100.9
100.0
123.1
181.5
25.4
37.9
77.5
125.0
93.7
66.2
108.0
168.2
19.5
7.4
80.2
122.4
32.6
138.7
20.6
70.0
12.7
22.0
62.2
12.8
59.0
81.7
6.2
145.8
103.8
23.3
171.9
101.7
150.1
81.4
104.0
44.5
125.5
169.9
78.8
166.4
110.1
30.7
24.0
127.6
79.0
179.6
148.1
105.2
108.7
181.5
145.5
93.8
25.5
75.5
33.2
147.7
61.7
42.3
100.3
158.2
122.4
89.5
69.7
28.7
146.4
92.0
26.4
83.9
139.7
30.6
107.6
30.4
156.7
111.1
28.3
130.2
17.7
143.6
17.1
165.1
83.0
35.2
34.4
5.1
158.8
44.9
165.2
79.3
39.8
44.7
124.6
74.7
142.6
96.8
18.7
68.8
145.0
114.5
110.9
41.7
121.0
69.0
6.5
137.9
60.0
148.0
46.8
107.1
27.6
52.9
177.0
141.7
174.6
83.5
171.6
72.6
141.9
26.6
157.5
57.1
148.9
37.7
96.0
36.0
128.9
97.4
70.9
21.1
10.4
149.0
88.2
166.4
131.6
83.1
38.4
10.9
147.7
123.3
148.3
170.6
24.4
180.4
9.7
128.9
169.7
35.0
113.3
158.3
153.7
7.7
32.7
55.6
79.0
122.6
149.1
20.1
25.9
59.7
60.1
85.1
161.3
4.5
168.2
148.1
61.8
130.5
143.0
145.8
175.5
155.1
180.8
18.5
123.1
4.6
72.3
120.9
4.6
61.0
112.8
172.5
71.6
154.0
32.8
91.5
176.1
54.0
130.2
22.3
88.1
161.4
46.3
109.6
6.2
65.2
122.7
6.1
70.0
163.3
110.1
69.7
19.9
132.2
58.8
174.8
132.4
68.3
3.8
132.4
70.6
22.1
145.2
102.6
31.4
148.9
75.1
32.0
158.8
120.6
57.5
4.7
119.2
76.3
181.6
139.9
71.8
11.1
132.9
70.0
12.4
132.0
73.9
45.0
99.5
34.8
158.4
101.0
27.3
145.4
32.5
163.9
113.1
33.7
151.7
104.2
52.2
7.2
138.1
79.0
24.6
143.3
117.0
82.0
47.0
180.2
115.7
85.2
30.9
153.1
98.9
40.6
170.0
3.8
181.6
9.3
18.7
36.4
57.2
124.0
29.3
144.9
156.9
174.0
176.0
175.5
179.5
14.1
35.4
51.3
57.0
70.3
100.8
104.3
117.9
133.6
147.3
148.7
151.7
121.7
83.4
78.4
80.8
100.9
109.8
112.7
116.5
115.6
119.1
119.0
136.2
147.6
156.0
98.2
86.3
71.7
32.7
88.1
40.6
11.8
153.6
104.9
50.5
170.8
151.7
146.0
68.3
106.9
129.0
135.4
142.2
154.4
176.6
32.4
5.7
7.5
12.9
10.4
33.1
44.9
49.9
65.2
62.7
76.2
87.5
79.3
82.6
86.9
92.5
116.2
134.2
132.7
145.6
150.2
170.5
174.8
20.8
25.8
30.4
40.6
48.6
51.3
68.9
67.4
72.6
86.5
85.6
108.8
129.3
151.1
158.2
160.8
166.0
176.1
25.0
40.2
32.7
27.4
30.2
40.4
50.0
49.3
58.6
56.5
63.6
76.3
75.1
72.8
88.3
107.7
115.5
115.7
127.4
131.6
139.5
156.3
158.9
158.5
157.4
170.1
175.9
177.6
179.5
179.8
19.8
127.9
177.8
90.7
83.4
93.6
23.5
77.1
103.0
108.7
136.6
164.1
162.8
160.9
161.1
177.3
4.8
38.8
47.0
48.6
58.0
72.9
95.7
118.3
139.0
143.2
162.2
161.0
162.9
11.3
33.9
46.3
46.5
64.1
88.2
83.9
51.0
47.4
50.1
53.6
72.4
86.6
73.3
71.2
76.2
88.6
99.4
122.7
146.9
171.9
180.1
15.8
9.3
7.5
20.9
24.6
30.1
33.8
45.7
52.1
60.6
65.5
84.9
82.9
89.0
116.0
135.0
149.3
166.0
181.5
122.9
164.4
83.2
158.5
70.9
110.2
70.2
10.6
74.2
57.6
17.6
7.5
158.4
42.9
12.1
146.6
118.7
30.0
126.4
154.9
109.9
86.9
76.9
6.2
181.4
139.7
5.5
38.1
109.6
87.2
16.7
177.3
111.9
152.6
152.4
124.4
29.4
28.8
166.3
152.8
141.9
73.6
16.0
153.4
4.7
151.7
163.9
39.8
171.6
178.7
178.2
30.2
37.3
21.5
9.5
16.7
23.2
180.4
53.4
12.3
166.0
154.6
144.0
143.7
143.2
152.6
142.8
100.0
66.4
104.1
141.3
124.3
117.4
45.9
19.1
174.1
87.9
7.4
173.8
145.3
29.1
30.7
24.2
30.8
116.8
56.7
75.8
164.6
178.6
177.7
136.4
145.4
60.2
94.7
34.0
159.4
78.7
80.2
143.7
159.1
17.4
167.1
155.0
9.6
49.9
84.4
71.1
21.6
18.7
23.9
152.5
85.0
110.1
129.3
149.3
75.9
124.6
15.8
161.1
137.4
129.5
152.4
14.8
32.7
34.8
65.0
61.4
43.4
29.4
170.5
39.5
35.2
83.0
76.9
37.5
48.0
51.6
121.4
