166.7
26.7
102.4
155.6
88.2
111.1
91.4
157.6
58.6
172.8
64.4
128.8
66.5
174.0
103.5
17.7
103.7
73.6
37.8
52.0
129.1
130.3
64.6
122.5
75.8
150.9
128.4
153.5
150.6
140.1
79.8
138.8
9.7
74.9
109.7
157.0
89.2
34.4
147.7
41.7
102.4
140.4
168.6
66.6
134.9
53.6
129.6
66.7
174.3
66.4
167.3
59.9
69.4
65.3
139.5
30.6
151.5
69.1
139.7
21.6
100.2
157.4
135.7
179.8
69.5
134.7
4.3
11.7
59.6
148.9
90.7
9.5
131.0
63.8
149.5
51.0
71.9
116.3
42.5
11.2
149.5
42.3
173.5
77.9
171.8
109.6
18.7
110.3
166.0
63.9
149.8
62.0
119.4
51.7
156.5
64.1
127.7
5.3
79.8
144.4
60.3
180.2
128.5
53.0
142.0
12.7
125.3
61.3
147.2
65.6
130.8
132.3
176.6
91.8
137.9
43.4
79.7
155.5
113.2
109.5
156.7
118.5
16.3
176.8
157.2
177.4
144.3
47.6
149.3
71.7
73.5
41.3
86.8
124.1
99.3
44.0
54.7
125.8
111.8
108.5
61.8
70.7
78.8
83.2
94.1
107.3
46.2
49.2
69.0
17.5
104.9
119.4
177.8
28.1
50.3
53.4
23.6
162.2
149.7
20.4
72.9
53.1
10.7
154.8
49.6
54.2
73.9
77.1
166.5
39.5
139.5
176.3
11.0
90.7
173.2
20.8
53.0
44.5
91.3
41.8
84.9
38.0
179.2
149.9
86.0
111.4
80.4
19.4
68.6
150.5
96.6
86.4
91.7
54.0
154.7
123.4
44.2
44.8
64.5
61.6
99.4
106.2
163.0
27.2
53.6
178.7
163.8
137.7
113.5
13.9
91.3
108.4
21.2
89.6
28.3
133.8
53.4
129.6
31.0
170.7
94.2
28.2
106.7
75.5
45.2
22.2
24.4
24.5
113.2
84.2
28.2
173.9
153.8
110.6
51.1
158.7
152.9
114.3
137.2
6.0
93.0
43.6
5.1
123.5
68.5
131.9
30.2
59.6
177.3
155.9
104.3
167.3
149.9
32.4
157.5
89.8
62.7
155.5
55.3
15.2
51.1
78.7
25.4
42.5
35.8
27.3
61.0
79.2
35.9
97.3
45.3
167.9
88.9
24.7
162.7
123.8
109.8
102.4
42.1
176.2
155.2
171.4
177.9
34.8
150.1
5.6
168.6
41.2
11.6
139.9
118.6
47.6
165.4
53.0
137.2
41.7
136.0
64.3
122.3
55.5
17.1
38.1
169.7
97.3
51.8
26.9
161.0
143.5
123.5
116.3
21.9
8.1
167.6
161.6
120.1
91.7
154.9
174.4
175.6
151.7
26.1
105.3
124.8
84.1
72.5
66.6
133.6
175.8
152.1
84.6
123.0
62.6
163.5
90.5
161.3
19.8
106.0
158.6
20.6
101.6
40.3
62.3
50.4
161.4
58.4
84.4
71.7
10.8
56.9
135.1
25.4
174.1
99.2
161.4
78.3
100.2
164.4
54.6
130.6
159.5
28.5
74.3
80.4
112.7
178.3
73.1
136.4
12.1
93.5
151.1
168.2
