32.8
4.3
5.7
7.0
8.3
9.6
10.9
12.2
13.6
14.9
16.2
17.5
18.8
20.2
21.5
22.8
24.1
25.4
26.7
28.1
29.4
30.7
32.0
33.3
34.7
3.4
4.7
6.0
7.4
8.7
10.0
11.3
12.6
13.9
15.2
16.5
17.9
19.2
20.5
21.8
23.1
24.4
25.7
27.1
28.4
29.7
31.0
32.3
33.6
34.9
3.7
5.0
6.3
7.6
8.9
10.2
11.6
12.9
14.2
15.5
16.8
18.1
19.4
20.7
22.1
23.4
24.7
26.0
27.3
28.6
29.9
31.2
32.5
33.9
35.2
3.9
5.3
6.6
7.9
9.2
10.5
11.9
13.2
14.5
15.8
17.1
18.5
19.8
21.1
22.4
23.7
25.1
26.4
27.7
29.0
30.3
31.7
33.0
34.3
3.6
4.9
6.2
7.6
8.9
6.2
12.4
18.6
24.8
30.9
101.4
172.3
84.3
143.7
168.5
113.3
67.2
55.0
43.7
57.4
66.1
167.2
148.1
14.8
70.9
88.1
91.7
94.6
133.6
147.9
134.0
125.2
124.0
38.7
177.4
91.2
166.9
150.4
14.4
58.5
119.3
78.8
160.4
150.2
140.1
149.2
184.8
169.5
87.1
99.1
84.8
232.9
148.8
149.3
82.2
211.0
184.9
197.0
217.8
29.4
179.5
184.2
56.1
114.8
209.3
34.3
121.4
214.5
39.8
91.7
194.6
296.5
53.4
154.5
145.3
120.5
72.9
248.1
219.2
112.6
171.6
194.5
241.3
169.7
133.3
270.3
351.5
151.5
261.6
285.8
213.9
166.7
135.2
231.7
342.3
97.1
237.1
193.3
285.3
293.6
218.0
191.7
327.4
242.9
100.4
106.3
223.3
341.1
245.3
64.0
172.6
309.7
319.7
354.1
136.7
271.0
189.3
316.9
412.0
150.8
256.3
204.2
340.4
424.8
179.6
253.6
247.7
370.7
332.5
129.3
229.9
226.1
335.3
365.9
113.8
198.9
163.1
341.9
257.8
403.1
71.7
196.8
287.8
224.9
281.5
385.5
156.2
226.0
227.2
225.3
324.3
60.9
148.9
285.4
245.4
304.0
365.4
491.1
178.3
137.5
164.1
267.4
361.8
360.4
139.0
69.2
177.0
163.2
299.1
357.2
441.7
108.0
254.9
216.2
335.7
300.6
374.9
97.3
119.8
199.8
302.0
303.9
401.7
350.9
204.5
116.8
254.8
361.3
273.0
394.6
54.9
210.1
173.1
316.1
305.2
289.1
390.7
67.8
262.1
199.5
338.5
282.1
349.4
183.3
118.9
226.2
318.7
260.7
403.2
393.2
84.5
173.1
306.2
263.2
358.6
451.0
81.4
201.2
193.8
250.8
336.5
451.3
397.9
70.6
178.3
286.7
359.4
284.8
428.4
43.7
174.6
231.6
243.8
348.5
294.1
410.9
177.7
171.0
284.1
371.3
326.6
430.5
129.0
239.2
160.5
273.2
377.3
346.9
361.7
168.5
105.2
241.6
348.4
352.9
339.0
103.8
83.6
208.4
283.2
240.5
363.8
443.6
133.6
119.8
252.7
370.1
404.1
435.8
129.3
103.8
275.9
250.0
342.0
455.6
384.0
53.1
168.7
294.5
266.8
362.3
446.9
86.2
228.0
184.6
249.5
387.4
296.4
411.6
145.2
248.8
209.3
318.6
419.5
484.8
173.4
101.3
239.8
339.7
259.6
355.8
426.8
115.6
238.6
194.0
294.9
347.4
