5.0
10.1
15.1
20.2
25.2
30.3
7.6
16.5
25.3
34.1
10.2
19.3
28.5
4.9
14.0
23.1
32.2
8.6
17.9
27.1
3.6
12.8
21.9
31.1
8.0
17.3
26.5
4.1
13.2
22.4
31.6
9.8
19.1
28.4
7.3
16.7
26.1
5.6
15.0
24.4
4.4
13.7
23.0
3.4
12.8
22.2
3.3
12.6
22.0
3.5
12.9
22.3
4.4
13.7
22.9
5.4
14.7
24.0
7.0
16.2
25.4
8.8
18.0
27.1
11.3
20.7
5.3
14.4
23.6
8.6
17.8
27.0
12.0
21.2
6.3
15.7
25.0
10.2
19.4
4.5
13.8
23.0
8.2
17.6
27.1
12.3
21.8
7.1
16.6
26.1
11.4
20.8
6.1
15.5
24.9
10.2
19.6
4.9
14.4
23.8
9.0
18.4
3.5
12.8
22.1
7.2
16.6
26.0
11.1
20.3
5.4
14.8
24.1
9.3
18.5
3.5
12.8
22.2
7.4
16.7
26.1
11.0
20.1
5.0
13.9
22.8
7.4
15.9
24.4
9.1
18.0
26.9
12.0
21.2
6.3
15.5
24.7
9.6
18.6
3.4
12.3
21.2
5.8
14.7
23.6
8.3
17.1
26.0
10.8
19.7
4.4
13.3
22.1
6.9
15.9
24.9
9.9
19.0
4.0
13.3
22.5
7.5
16.6
25.6
10.9
20.4
5.5
14.4
23.3
8.0
16.8
25.7
10.6
19.6
4.6
14.1
23.6
8.7
17.9
14.7
12.2
21.4
6.3
15.0
23.8
8.7
18.0
3.2
12.6
22.0
7.2
16.6
26.0
11.2
20.5
5.6
14.7
23.8
8.5
17.3
26.1
11.1
20.2
9.3
26.3
30.3
12.6
11.2
41.6
10.0
24.5
49.9
8.4
34.4
12.3
38.1
21.6
9.3
39.3
35.6
27.7
29.5
38.5
13.0
27.5
4.7
43.3
24.6
9.2
4.5
42.3
3.5
11.7
14.4
42.4
60.0
20.4
46.4
16.7
43.7
17.8
38.0
9.5
40.1
17.5
50.4
33.1
19.0
44.2
18.5
48.0
32.4
22.3
16.1
13.2
14.9
21.0
28.9
30.2
28.1
31.1
7.4
36.4
12.0
5.6
15.0
24.3
33.7
43.1
52.5
9.8
19.1
28.4
37.7
46.9
5.9
15.2
24.6
34.0
43.4
3.4
12.8
22.2
31.6
40.9
50.3
11.4
20.9
30.3
39.7
49.2
11.4
20.8
30.2
39.6
49.0
12.3
21.7
31.1
40.6
4.8
13.9
23.1
32.2
41.3
6.4
15.7
25.0
34.3
43.6
9.8
19.2
28.5
37.8
5.2
14.6
23.9
33.3
42.7
11.1
20.5
29.8
39.2
8.6
17.9
27.1
36.4
6.9
16.3
25.7
35.1
6.7
16.1
25.4
34.7
6.8
16.1
25.4
34.7
7.3
16.6
26.0
35.3
8.4
17.6
26.9
36.2
9.8
19.1
28.5
37.8
11.9
21.2
30.5
5.2
14.7
24.3
33.8
9.0
18.4
27.7
3.5
12.7
21.9
31.1
7.4
16.7
26.1
24.7
12.1
21.4
30.6
7.8
17.1
26.4
4.2
13.5
22.8
32.2
10.5
19.8
29.1
8.0
17.5
27.0
6.5
15.6
24.8
4.6
13.9
23.1
3.5
12.9
22.2
3.2
12.7
22.2
