1.7
3.3
5.0
6.7
8.3
10.0
11.7
13.4
15.0
16.7
18.4
20.0
21.7
23.4
25.0
26.7
28.4
30.1
31.7
3.8
5.1
6.5
7.8
9.1
10.5
11.8
13.2
14.5
15.8
17.2
18.5
19.9
21.2
22.5
23.9
25.2
26.6
27.9
29.2
30.6
31.9
33.2
34.6
3.3
4.6
5.9
7.2
8.5
9.7
11.0
12.3
13.6
14.9
16.2
17.4
18.7
20.0
21.3
22.6
23.9
25.1
26.4
27.7
29.0
30.3
31.5
32.8
34.1
35.4
4.1
5.4
6.7
8.0
9.2
10.5
11.8
13.1
14.4
15.7
17.0
18.3
19.6
20.8
22.1
23.4
24.7
26.0
27.3
28.6
29.9
31.1
32.4
33.7
35.0
3.7
5.0
6.4
7.7
9.0
10.3
11.7
13.0
14.3
15.6
16.9
18.3
19.6
20.9
22.2
23.6
24.9
26.2
27.5
28.8
30.2
31.5
32.8
34.1
35.4
4.1
5.5
6.8
8.1
9.5
10.8
12.1
13.4
14.8
16.1
17.4
18.8
20.1
21.4
22.7
24.1
25.4
26.7
28.1
29.4
30.7
32.0
33.4
34.7
4.0
5.2
6.5
7.7
9.0
10.3
11.5
12.8
14.0
15.3
16.6
17.8
19.1
20.3
21.6
22.9
24.1
25.4
26.6
27.9
29.2
30.4
31.7
32.9
34.2
3.9
5.1
6.3
7.5
8.7
9.9
11.1
12.3
13.5
14.7
15.9
17.1
18.3
19.5
20.7
21.9
23.1
24.3
25.5
26.7
27.9
29.1
30.3
31.5
32.7
33.9
4.9
7.1
9.3
11.5
13.7
15.9
18.1
20.4
22.6
24.8
27.0
29.2
31.4
8.3
25.1
16.8
46.3
72.3
74.0
71.9
40.9
12.0
87.0
63.6
43.2
24.9
10.0
89.0
78.9
73.0
64.2
53.7
50.0
49.6
53.3
57.9
62.7
10.2
25.6
37.5
52.2
54.3
59.2
46.6
13.9
90.7
62.6
37.4
115.6
69.0
25.9
100.3
60.8
28.1
3.2
87.6
42.8
112.3
87.1
52.9
23.5
108.6
83.5
63.1
46.3
32.3
21.3
13.3
4.1
88.0
84.6
83.7
7.7
3.1
4.3
5.6
6.9
8.2
9.5
10.8
12.2
13.5
14.8
16.1
17.4
18.7
20.1
21.4
22.7
24.0
25.3
26.6
28.0
29.3
30.6
31.9
33.2
34.5
35.9
37.2
38.5
39.8
41.1
42.4
43.8
45.1
46.4
47.7
49.0
50.3
51.7
53.0
54.3
55.6
56.9
58.2
59.6
60.9
62.2
63.5
64.8
66.1
67.5
68.8
70.1
71.4
72.7
74.0
75.4
76.7
78.0
3.9
5.2
6.5
7.9
9.2
10.5
11.8
13.2
14.5
15.8
17.2
18.5
19.8
21.2
22.5
23.8
25.1
26.5
27.8
29.1
30.5
31.8
33.1
34.4
35.8
37.1
38.4
39.8
41.1
42.4
43.8
45.1
46.4
47.7
49.1
50.4
51.7
53.1
54.4
55.7
57.0
58.4
59.7
61.0
62.4
63.7
65.0
66.4
67.7
69.0
70.3
71.7
73.0
74.3
75.7
