6.7
13.4
20.2
26.9
5.0
112.4
46.3
83.8
161.6
16.7
152.7
63.7
102.8
177.1
13.8
180.3
74.7
82.4
18.1
170.0
140.7
123.7
169.0
108.7
119.9
115.8
168.0
7.1
33.5
154.5
35.8
127.7
20.4
86.6
56.4
21.0
107.8
126.1
82.2
141.8
129.9
110.7
138.4
113.4
139.6
121.4
180.2
47.6
163.6
129.3
153.9
94.6
176.3
64.5
176.7
93.0
144.7
13.3
61.2
90.2
37.0
12.8
44.0
34.0
129.1
158.1
8.8
26.4
129.4
90.1
142.9
124.1
162.5
84.1
34.5
82.1
82.9
113.7
99.0
177.1
165.6
104.7
5.5
54.1
125.5
20.5
43.7
16.5
35.7
156.2
177.7
98.8
142.4
100.1
53.8
10.6
54.1
78.5
118.5
164.0
9.3
22.3
162.8
70.1
22.9
158.3
51.4
172.8
21.5
122.0
159.3
17.0
67.8
105.3
142.6
130.1
127.4
79.4
122.8
140.8
64.0
92.0
57.8
175.7
140.0
110.3
7.4
76.5
54.0
87.0
131.2
3.1
56.7
107.1
147.3
13.6
31.9
62.8
180.9
34.2
3.9
132.1
128.7
70.3
41.5
59.9
51.0
40.9
111.5
29.6
57.4
39.8
9.2
31.6
77.7
124.8
74.1
105.3
121.5
102.1
108.3
112.6
104.1
152.1
117.6
156.9
102.9
150.9
136.1
67.3
138.2
22.6
161.1
157.0
146.6
5.7
138.2
121.0
131.4
123.4
78.6
180.4
5.8
10.9
68.8
176.5
180.2
86.8
64.1
176.9
14.6
74.5
101.7
113.0
140.7
170.9
152.0
104.2
99.9
47.0
83.5
158.9
118.0
134.5
38.8
71.2
24.4
114.2
126.4
74.4
180.9
174.8
161.6
177.0
178.1
49.8
173.4
129.9
52.3
146.9
10.8
94.4
81.7
69.0
118.7
138.9
29.5
171.8
122.0
135.2
171.5
111.9
7.3
70.9
101.7
8.7
145.0
46.4
162.5
52.1
13.2
128.0
171.6
60.5
180.3
44.7
80.1
134.1
165.2
16.4
174.6
11.3
132.6
148.3
140.2
84.6
135.1
18.9
96.2
8.3
5.4
163.2
166.4
130.6
143.4
146.5
155.2
150.2
94.6
37.3
114.0
160.5
93.4
90.2
166.7
80.5
97.8
38.5
173.7
81.9
26.5
177.7
27.5
12.1
148.5
70.2
162.9
121.3
114.0
117.8
18.4
174.0
46.5
92.4
101.2
117.1
47.1
22.6
170.9
154.7
6.1
