5.7
11.5
17.2
22.9
28.7
9.5
73.8
66.7
161.4
10.7
36.8
26.9
151.1
119.2
75.6
123.7
95.7
19.3
133.4
62.3
149.2
76.9
84.3
107.5
179.9
92.4
177.7
57.6
124.2
41.3
103.7
168.3
180.5
175.8
149.3
179.8
172.0
103.8
42.7
149.3
126.6
39.6
29.3
129.0
49.8
121.7
77.7
169.9
74.2
177.7
160.2
63.4
148.0
67.8
146.3
137.4
83.1
47.8
171.2
67.7
160.3
171.2
163.0
148.1
139.8
125.9
88.8
45.9
163.8
91.8
43.2
118.1
73.8
23.5
139.9
171.8
57.5
139.1
75.1
144.1
29.6
108.1
47.9
111.2
58.7
41.3
114.6
18.4
165.9
77.8
22.4
27.5
20.1
156.8
135.9
124.7
130.7
131.1
35.4
22.7
106.3
55.0
126.9
157.5
111.8
116.5
157.7
117.1
17.6
175.4
93.7
111.4
58.0
118.7
131.0
60.0
148.2
97.8
13.0
105.8
52.0
149.7
114.2
49.3
151.7
123.1
90.7
69.5
27.2
47.9
172.5
152.0
174.1
28.0
66.4
11.7
157.1
149.4
104.3
119.1
60.8
168.0
122.6
134.1
40.0
147.9
67.9
164.8
126.1
91.3
11.6
154.0
133.4
56.1
16.7
168.5
170.1
168.0
125.4
99.7
34.8
8.1
155.6
47.2
66.3
8.5
111.9
168.3
106.4
111.6
114.1
143.4
98.4
108.7
32.9
168.0
112.7
14.3
115.4
69.9
168.5
120.1
86.2
53.7
17.7
131.7
25.0
14.3
71.0
115.5
104.4
169.5
175.4
127.0
96.9
10.2
156.7
113.8
86.8
74.5
28.9
156.9
13.0
44.3
108.6
81.9
5.2
81.8
47.3
28.1
164.9
129.3
137.1
29.8
135.4
75.9
146.9
49.5
36.8
84.5
43.8
21.6
118.7
101.2
66.1
104.3
93.2
92.1
92.3
98.5
31.4
65.7
45.5
74.9
23.5
12.6
180.2
103.2
145.6
83.8
58.7
89.7
150.2
73.8
165.1
82.2
29.4
146.6
66.0
121.4
43.4
79.5
117.2
33.7
30.5
148.1
97.6
98.6
124.3
104.1
68.6
59.5
31.6
132.6
89.4
97.8
126.5
119.9
141.0
58.0
20.7
35.4
134.1
95.1
39.8
90.8
17.5
176.6
161.6
116.5
96.0
106.5
170.6
163.4
136.6
135.6
127.2
171.3
74.4
104.5
96.1
4.6
121.5
95.3
37.2
132.3
96.0
82.9
52.0
73.2
149.9
117.1
69.8
12.6
144.9
61.2
56.2
135.2
85.7
50.7
26.7
165.7
117.8
77.9
23.4
129.8
8.7
170.0
144.7
69.2
62.9
179.1
8.7
174.4
129.3
68.1
84.1
20.7
69.7
173.2
154.5
13.0
46.2
30.2
33.2
16.8
13.9
142.4
131.9
53.2
23.3
158.2
88.9
125.1
159.9
46.7
153.4
85.8
49.3
166.3
145.9
